9.840507466557310012e-01
-5.620815787630219218e-03
1.139022947144898573e-02
-1.139023368607911847e-02
1.139023317039253649e-02
2.685229275875493371e-03
-2.685229962986488209e-03
2.685229929287344473e-03
-2.957788425556408837e-04
-5.620815787630219218e-03
1.139022947144898573e-02
-1.139023368607911847e-02
1.139023317039253649e-02
2.685229275875493371e-03
-2.685229962986488209e-03
2.685229929287344473e-03
-2.957788425556408837e-04
-5.622821950541195303e-03
3.024930675120848008e-03
-4.438556148937548352e-04
2.562429422735508023e-04
4.438521064582653312e-04
-4.438518339687267484e-04
5.590393479714780844e-03
-5.302456448702350111e-03
3.055925272048514926e-03
-1.545588703339846950e-03
-2.965739672678451358e-03
2.965739799845579748e-03
-5.622821984491680088e-03
-3.024930622103848797e-03
4.438407705142121459e-04
2.562687318375722937e-04
4.438520657373472116e-04
4.438518768900779547e-04
-5.590393508383500153e-03
-5.302456438783520465e-03
-2.866481263416167935e-03
-1.873715439470057540e-03
-2.965739688025659238e-03
-2.965739778821190054e-03
-5.622821667903369833e-03
3.024930901984512147e-03
-5.125126598124550136e-04
-4.438518666285265805e-04
4.438519518751698209e-04
5.590393308030556715e-03
-5.302456408413650651e-03
-1.894441415843714895e-04
3.419302836154907398e-03
2.965739800670820665e-03
-2.965739763510050545e-03
-4.994941984775138309e-03
7.058189064321851100e-03
-7.058189045593107717e-03
7.058189053805974736e-03
1.121993974607239999e-02
-1.121993995661127799e-02
1.121993993997224930e-02
-7.089944750801872864e-03
-1.116896179654139256e-03
-1.827254967863874494e-03
-8.757089020059951765e-04
-1.652396481211207153e-03
-2.586135991513003468e-03
-1.810209715742537410e-03
-1.116896197577094910e-03
1.827255013907531228e-03
8.757088507028492003e-04
-1.652396499173961484e-03
2.586136054336492934e-03
1.810209687200315005e-03
7.058189064321857172e-03
-1.218918070929792333e-02
9.244952057897434100e-03
-9.244952042479531035e-03
-1.011184131561110137e-03
-1.634526368837170215e-02
1.210668326290822820e-02
-1.210668325072239079e-02
7.901415896845410611e-03
1.156316302046554874e-04
-2.087051156721892332e-03
3.024930901984514316e-03
-1.712259014874963287e-03
-2.635044549165356867e-03
-2.282013901498308565e-03
2.282013851053562529e-03
-2.758987439068345988e-03
3.289177026838532598e-03
2.102711683046311840e-04
-3.795213975578024153e-03
-3.291787225636228897e-03
3.291787197386722864e-03
-1.116896198936233190e-03
1.827255138180086148e-03
-8.757087936137941458e-04
-1.652396834041706996e-03
2.586136262237777664e-03
-1.810209613513354392e-03
-7.058189045593105983e-03
9.244952057897434100e-03
-1.218918107473393984e-02
9.244952062769729376e-03
-8.756962662665088680e-04
-5.056173094398835281e-04
1.210668306276577004e-02
-1.634526429444940754e-02
1.210668320510875119e-02
-7.901415918530888677e-03
-1.749623564155055200e-03
-1.143665577094266561e-03
1.827255013907531228e-03
-1.116896154327288396e-03
-8.757089235610443717e-04
2.586135928593092867e-03
-1.652396512256045511e-03
-1.810209732677944263e-03
-3.024930622103850532e-03
-1.712258941250006895e-03
-2.281977622702844287e-03
-1.317589321705858654e-03
-2.282013453430185163e-03
-2.282013884799963168e-03
-2.758987250733159133e-03
-3.289176900659822322e-03
-3.181616084197095868e-03
-2.079707202717053730e-03
-3.291786991670571719e-03
-3.291787183157678705e-03
7.058189053805976471e-03
-9.244952042479531035e-03
9.244952062769727641e-03
-1.218918099747145004e-02
-8.757256386604984509e-04
5.055664854180004367e-04
-1.210668303473491983e-02
1.210668318495856585e-02
-1.634526418800234804e-02
7.901415917817622425e-03
-1.865255121712805107e-03
9.433857894337245890e-04
1.827255138180084414e-03
-1.116896218409241682e-03
8.757087750298382656e-04
2.586136288086300639e-03
-1.652396821007533212e-03
1.810209609467025148e-03
-1.827254967863874494e-03
-1.116896154302287995e-03
-8.757089554559165318e-04
-2.586135902458991040e-03
-1.652396477250784668e-03
-1.810209757738555402e-03
3.024930675120849309e-03
-1.712258962160838555e-03
-2.282054051619198005e-03
1.317456838765253052e-03
2.282013468716861601e-03
-2.282013949326014771e-03
-2.758987299361078532e-03
3.289176932574580919e-03
-3.391887242334189288e-03
1.715506916623427873e-03
3.291787003265006766e-03
-3.291787223041525799e-03
-4.438556148937541847e-04
-2.282054051619198873e-03
-1.176762252515213547e-02
6.112618410251971501e-03
6.745083661347303985e-03
-8.666394941936682306e-03
3.966191708838636104e-04
-1.892360627859429210e-03
-6.145595459527551652e-03
2.702143693879498296e-03
3.516896373095343073e-03
-4.389355749178649839e-03
4.438407705142106280e-04
-2.281977622702844287e-03
-1.176691247413229682e-02
-6.113028326424251729e-03
-6.744728729251258520e-03
-8.666233179206957182e-03
3.966057696056338481e-04
1.892297234348373422e-03
-5.809308917850514349e-03
-3.364352651805711109e-03
-3.516720067812679172e-03
-4.389267099947405902e-03
-1.179548037794186932e-03
4.098867776688563718e-07
-1.921148137119301283e-03
-1.921664799537490045e-03
-7.237175128060396260e-04
-3.987169890832257857e-05
-8.723716388463619194e-04
-8.726367424858293143e-04
-8.756962662665091933e-04
-8.757256386604984509e-04
-4.050095146454151841e-03
5.845309288166381737e-04
5.845507300837139491e-04
-3.169013002493262579e-03
-1.754844923424626457e-04
2.562429422735503686e-04
1.317456838765253052e-03
6.112618410251971501e-03
-4.708432555860720542e-03
-6.112626603746869683e-03
2.784597810893978467e-03
-2.289718811967788898e-04
1.092482294974217016e-03
3.170197895501969485e-03
-2.306818421212708352e-03
-3.037807906261214951e-03
1.526562365955701044e-03
2.562687318375733237e-04
-1.317589321705859087e-03
-6.113028326424249995e-03
-4.709142584610979780e-03
-6.113018272051403551e-03
-2.785101260872188331e-03
2.289949152412625217e-04
1.092592225364092708e-03
-2.896299230854127230e-03
-2.643104804276257859e-03
-3.038012160893263647e-03
-1.526817322713719220e-03
-5.125126598124554473e-04
-2.635044549165356000e-03
4.098867776688563718e-07
-1.529650700156706851e-02
-8.897727208305011501e-03
8.897615645492787037e-03
4.579696321392840797e-04
-2.185073636299710020e-03
4.281819984923944779e-04
-7.728698579327016906e-03
-4.564625403936269088e-03
4.564574695087350586e-03
-1.011184131561109270e-03
-5.056173094398835281e-04
5.055664854180005451e-04
-4.050095502979883522e-03
6.749698263255719680e-04
3.375014182584818107e-04
-3.374674391557545535e-04
1.754844724366727115e-04
-3.169012837785973973e-03
4.438520657373474826e-04
-2.282013453430184729e-03
-6.744728729251256785e-03
-6.113018272051403551e-03
-1.176727235495551860e-02
-8.666315236731864102e-03
3.966184829023645833e-04
1.892322782436972302e-03
-3.343367537449782462e-03
-3.227804982789199764e-03
-5.986615113341607619e-03
-4.389310199552846035e-03
4.438521064582659275e-04
2.282013468716861601e-03
6.745083661347303985e-03
-6.112626603746869683e-03
-1.176727222849155603e-02
8.666315216433304394e-03
-3.966185476668752864e-04
1.892322815901318397e-03
3.679478380961108928e-03
-2.838709270551630602e-03
-5.986614996211986513e-03
4.389310158477156311e-03
-1.179547700296601281e-03
1.921407798584808500e-03
-1.921407773805384328e-03
-7.248143340203768445e-04
8.725040853346894762e-04
-8.725040569278453249e-04
-8.757087936137936037e-04
8.757087750298382656e-04
-4.050097655780598993e-03
5.845409492196715438e-04
-5.845409858727411206e-04
-3.173867146509122463e-03
-4.438518666285273936e-04
-2.282013901498307698e-03
-1.921148137119301283e-03
-8.897727208305011501e-03
-1.176727300096530246e-02
8.666314990489929274e-03
3.966183587729779636e-04
-1.892322583670828133e-03
-6.186562994639150173e-04
-4.605876332780254809e-03
-5.986615451779997779e-03
4.389310172301362847e-03
1.921407798584808500e-03
-1.179547463907987303e-03
1.921408252009850805e-03
8.725040610112746661e-04
-7.248144924635461280e-04
8.725042832043888343e-04
-4.438518339687271821e-04
-2.282013949326014771e-03
-8.666394941936682306e-03
2.784597810893974998e-03
8.666315216433302659e-03
-1.176727434833867852e-02
3.966179923314316945e-04
-1.892322556269277487e-03
-4.467044889808986785e-03
1.281538362660353605e-03
4.389310459589098115e-03
-5.986616405260341070e-03
-8.757089020059949597e-04
-8.757089554559164234e-04
-4.050097814187705002e-03
5.845409691414539749e-04
5.845409155871359851e-04
-3.173867088855943791e-03
-1.921407773805384328e-03
1.921408252009849070e-03
-1.179547471061209111e-03
-8.725040333897580470e-04
8.725042844576892491e-04
-7.248144790774006373e-04
4.438519518751672731e-04
2.282013851053562529e-03
-1.921664799537490045e-03
8.897615645492790507e-03
8.666314990489929274e-03
-1.176727283801115229e-02
-3.966184172420082537e-04
1.892322676260448349e-03
-1.123678663192030289e-03
4.509343515447196069e-03
4.389310149814838052e-03
-5.986615301515589224e-03
4.438518768900752984e-04
-2.282013884799963168e-03
-8.666233179206955448e-03
-2.785101260872186596e-03
-8.666315236731864102e-03
-1.176727431986986441e-02
3.966179784493003560e-04
1.892322614234460488e-03
-4.298133528001828012e-03
-1.767167019743158540e-03
-4.389310475807145853e-03
-5.986616371233608250e-03
8.757088507028490919e-04
-8.757089235610442633e-04
-4.050097756415092787e-03
-5.845410392330675862e-04
5.845409429181649182e-04
-3.173867096841806630e-03
-1.652396481211206936e-03
-2.586135902458987570e-03
5.845409691414540834e-04
-3.696929836809869068e-03
-5.527444226998429883e-03
-2.518231759858231573e-03
-1.652396499173961267e-03
2.586135928593092867e-03
-5.845410392330674778e-04
-3.696929860607366461e-03
5.527444267703005010e-03
2.518231736316441961e-03
1.121993974607239652e-02
-1.634526368837169175e-02
1.210668306276576484e-02
-1.210668303473491289e-02
6.749698263255722933e-04
-3.226034434887872782e-02
2.303596077573888054e-02
-2.303596072417924551e-02
1.775426251235390912e-02
1.608581374300800085e-04
-2.903349458144817170e-03
5.590393308030559318e-03
-2.758987439068345988e-03
4.579696321392839713e-04
3.966183587729776383e-04
-3.966184172420076032e-04
-6.758773340419841659e-03
8.498321740410600539e-03
2.803183593181949847e-04
-5.059507741504782469e-03
-4.388385060812760932e-03
4.388385038067280086e-03
-1.652396834041706996e-03
2.586136288086298904e-03
5.845409492196715438e-04
-3.696930876514599798e-03
5.527444634286195896e-03
-2.518231782340958624e-03
-1.121993995661128667e-02
1.210668326290822300e-02
-1.634526429444941448e-02
1.210668318495856585e-02
5.845309288166379569e-04
3.375014182584823528e-04
2.303596077573888054e-02
-3.226034545818887156e-02
2.303596107314662828e-02
-1.775426288915614784e-02
-2.433945996249596132e-03
-1.590982791070558134e-03
2.586136054336492934e-03
-1.652396512256045728e-03
5.845409429181647014e-04
5.527444267703005010e-03
-3.696929864916450800e-03
-2.518231727718431203e-03
-5.590393508383502755e-03
-2.758987250733158265e-03
3.966057696056338481e-04
2.289949152412624675e-04
3.966184829023642038e-04
3.966179784492999223e-04
-6.758772555787892836e-03
-8.498322086714825419e-03
-4.241502752417741252e-03
-2.772516294897622857e-03
-4.388385073454797655e-03
-4.388385202130945517e-03
1.121993993997224930e-02
-1.210668325072239079e-02
1.210668320510875119e-02
-1.634526418800234804e-02
5.845507300837141660e-04
-3.374674391557548245e-04
-2.303596072417924551e-02
2.303596107314662828e-02
-3.226034528680552654e-02
1.775426286319323199e-02
-2.594803903253610489e-03
1.312368470394235454e-03
2.586136262237777664e-03
-1.652396821007533212e-03
-5.845409858727403617e-04
5.527444634286192426e-03
-3.696930837353344830e-03
2.518231783562721766e-03
-2.586135991513001733e-03
-1.652396477250784885e-03
5.845409155871365272e-04
-5.527444226998422944e-03
-3.696929792985825716e-03
-2.518231753113617157e-03
5.590393479714779110e-03
-2.758987299361077665e-03
3.966191708838641525e-04
-2.289718811967792150e-04
-3.966185476668738228e-04
3.966179923314317487e-04
-6.758772660842387453e-03
8.498322055748984416e-03
-4.521821304884821036e-03
2.286990503677295214e-03
4.388385038866178360e-03
-4.388385190392599111e-03
-5.302456448702350111e-03
3.289176932574583521e-03
-1.892360627859426391e-03
1.092482294974215498e-03
1.892322815901317746e-03
-1.892322556269276403e-03
8.498322055748984416e-03
-8.491724370079768019e-03
3.836824104803986633e-03
-1.940541915111296473e-03
-3.723595175707983002e-03
3.723595393960936473e-03
-5.302456438783522200e-03
-3.289176900659825358e-03
1.892297234348373205e-03
1.092592225364094442e-03
1.892322782436971869e-03
1.892322614234456151e-03
-8.498322086714828888e-03
-8.491724330311025901e-03
-3.598970288910521322e-03
-2.352516809883745813e-03
-3.723595191509485904e-03
-3.723595344925343179e-03
-5.302456408413652386e-03
3.289177026838539537e-03
-2.185073636299716959e-03
-1.892322583670827483e-03
1.892322676260442928e-03
8.498321740410607478e-03
-8.491724417927223184e-03
-2.378539156311773790e-04
4.293057914607420478e-03
3.723595413913256651e-03
-3.723595349323842538e-03
-7.089944750801857251e-03
7.901415896845426223e-03
-7.901415918530892146e-03
7.901415917817632834e-03
1.775426251235392300e-02
-1.775426288915615478e-02
1.775426286319323546e-02
-1.313110251286632099e-02
3.055925272048514493e-03
-3.391887242334188420e-03
-6.145595459527549917e-03
3.170197895501969485e-03
3.679478380961108928e-03
-4.467044889808986785e-03
-4.521821304884820168e-03
3.836824104803991404e-03
-8.679830590895158682e-03
3.826825823483225898e-03
4.426981950770774582e-03
-5.745115936655834782e-03
-2.866481263416167068e-03
-3.181616084197095434e-03
-5.809308917850513482e-03
-2.896299230854127230e-03
-3.343367537449782462e-03
-4.298133528001828012e-03
-4.241502752417741252e-03
-3.598970288910523490e-03
-7.770794077614976217e-03
-4.351658431590682032e-03
-3.971766674982541920e-03
-5.569738811118333383e-03
-1.894441415843714895e-04
2.102711683046312654e-04
-7.237175128060396260e-04
4.281819984923944779e-04
-6.186562994639150173e-04
-1.123678663192030289e-03
2.803183593181948763e-04
-2.378539156311772706e-04
-1.142537250372933650e-03
5.248326259429750024e-04
-1.142755568083821376e-03
-1.773348113155157231e-03
1.156316302046555145e-04
-1.749623564155054767e-03
-1.865255121712805107e-03
-3.169013002493263446e-03
1.754844724366727115e-04
1.608581374300800085e-04
-2.433945996249596132e-03
-2.594803903253609621e-03
-5.417542319216804916e-03
-1.545588703339847384e-03
1.715506916623427873e-03
2.702143693879497863e-03
-2.306818421212706617e-03
-2.838709270551630602e-03
1.281538362660353605e-03
2.286990503677295648e-03
-1.940541915111296039e-03
3.826825823483226332e-03
-3.048944183489655374e-03
-3.875460218676384135e-03
1.269257926405963424e-03
-1.873715439470057106e-03
-2.079707202717054164e-03
-3.364352651805711109e-03
-2.643104804276257859e-03
-3.227804982789199764e-03
-1.767167019743158540e-03
-2.772516294897621990e-03
-2.352516809883744078e-03
-4.351658431590680297e-03
-3.957980879646426711e-03
-4.340787116250216515e-03
-1.896149335003951414e-03
3.419302836154907398e-03
-3.795213975578024587e-03
-3.987169890832258535e-05
-7.728698579327013436e-03
-4.605876332780255676e-03
4.509343515447196069e-03
-5.059507741504784203e-03
4.293057914607418743e-03
5.248326259429752193e-04
-1.058623682047942285e-02
-5.771609315436026719e-03
5.610044430007631727e-03
-2.087051156721892332e-03
-1.143665577094266344e-03
9.433857894337248058e-04
-1.754844923424626457e-04
-3.169012837785972671e-03
-2.903349458144819338e-03
-1.590982791070557484e-03
1.312368470394235454e-03
-5.417542362441222017e-03
-2.965739688025658370e-03
-3.291786991670571719e-03
-3.516720067812680039e-03
-3.038012160893264514e-03
-5.986615113341610221e-03
-4.389310475807145853e-03
-4.388385073454797655e-03
-3.723595191509485904e-03
-3.971766674982541920e-03
-4.340787116250216515e-03
-8.239853028256888257e-03
-5.666104413911084159e-03
-2.965739672678450491e-03
3.291787003265006332e-03
3.516896373095343073e-03
-3.037807906261215819e-03
-5.986614996211989115e-03
4.389310459589098115e-03
4.388385038866179227e-03
-3.723595175707983436e-03
4.426981950770776317e-03
-3.875460218676384568e-03
-8.239852943265867091e-03
5.666104387674298845e-03
-7.248143340203768445e-04
8.725040610112746661e-04
-8.725040333897580470e-04
-1.113459310933175494e-03
1.460288176869130143e-03
-1.460288148286141303e-03
-1.810209613513354176e-03
1.810209609467025148e-03
-3.173867146509122897e-03
-2.518231782340958191e-03
2.518231783562721333e-03
-5.417541569408365620e-03
2.965739800670819798e-03
-3.291787225636228463e-03
-8.723716388463623531e-04
-4.564625403936269088e-03
-5.986615451779997779e-03
4.389310149814838052e-03
-4.388385060812762667e-03
3.723595413913259686e-03
-1.142755568083821376e-03
-5.771609315436026719e-03
-8.239853329443675573e-03
5.666104287639934373e-03
8.725040853346894762e-04
-7.248144924635461280e-04
8.725042844576896828e-04
1.460288176869130143e-03
-1.113459375975589007e-03
1.460288290241788193e-03
2.965739799845577580e-03
-3.291787223041524497e-03
-4.389355749178649839e-03
1.526562365955701044e-03
4.389310158477156311e-03
-5.986616405260341070e-03
-4.388385190392599979e-03
3.723595393960937774e-03
-5.745115936655835649e-03
1.269257926405963424e-03
5.666104387674298845e-03
-8.239853750162397586e-03
-1.810209715742536326e-03
-1.810209757738555185e-03
-3.173867088855944658e-03
-2.518231759858232874e-03
-2.518231753113617157e-03
-5.417541600583854894e-03
-8.725040569278448913e-04
8.725042832043875332e-04
-7.248144790774008542e-04
-1.460288148286140002e-03
1.460288290241788193e-03
-1.113459363374712068e-03
-2.965739763510049243e-03
3.291787197386722430e-03
-8.726367424858288806e-04
4.564574695087350586e-03
4.389310172301361980e-03
-5.986615301515589224e-03
4.388385038067280086e-03
-3.723595349323845140e-03
-1.773348113155157231e-03
5.610044430007631727e-03
5.666104287639934373e-03
-8.239853206310109729e-03
-2.965739778821190054e-03
-3.291787183157678705e-03
-4.389267099947405902e-03
-1.526817322713719220e-03
-4.389310199552845168e-03
-5.986616371233608250e-03
-4.388385202130945517e-03
-3.723595344925345347e-03
-5.569738811118332515e-03
-1.896149335003949679e-03
-5.666104413911082424e-03
-8.239853711117347407e-03
1.810209687200314572e-03
-1.810209732677944047e-03
-3.173867096841806196e-03
2.518231736316441961e-03
-2.518231727718431637e-03
-5.417541591430772956e-03
-4.033258162337342856e-03
-4.033258162337342856e-03
4.033258423489255451e-03
4.033258423489255451e-03
-7.417697043989902872e-03
-7.417697043989902872e-03
-4.033258378685127162e-03
-4.033258378685127162e-03
7.417697074615656541e-03
7.417697074615656541e-03
-7.417696924589643227e-03
-7.417696924589643227e-03
1.406281356436334985e-03
1.406281356436334985e-03
1.406328412958700314e-03
1.406328412958700314e-03
1.623860417604246729e-03
1.623860417604246729e-03
8.119720122659755592e-04
8.119720122659755592e-04
-8.118903533472525066e-04
-8.118903533472525066e-04
1.406304659816391125e-03
1.406304659816391125e-03
-1.406304693687023336e-03
-1.406304693687023336e-03
1.348981239059856077e-02
1.348981239059856077e-02
3.916683045338681390e-07
3.916683045338681390e-07
1.406304999492312847e-03
1.406304999492312847e-03
1.406304993870098347e-03
1.406304993870098347e-03
-6.745246804817381023e-03
-6.745246804817381023e-03
1.168232501919898650e-02
1.168232501919898650e-02
6.744907417848494159e-03
6.744907417848494159e-03
-1.406305000350713437e-03
-1.406305000350713437e-03
1.406304961238918905e-03
1.406304961238918905e-03
-6.744568379669465402e-03
-6.744568379669465402e-03
-1.168271690636497710e-02
-1.168271690636497710e-02
-6.744907462926479774e-03
-6.744907462926479774e-03
6.744906738480080204e-03
6.744906738480080204e-03
-5.629546438041837207e-03
-5.629546438041837207e-03
9.520547134172671969e-03
9.520547134172671969e-03
-9.520547132275925320e-03
-9.520547132275925320e-03
-2.170001941862883220e-04
-2.170001941862883220e-04
-1.879226103684764450e-04
-1.879226103684764450e-04
1.879226219910598746e-04
1.879226219910598746e-04
5.629546448227783911e-03
5.629546448227783911e-03
-9.520547208571730063e-03
-9.520547208571730063e-03
9.520546896872266948e-03
9.520546896872266948e-03
-1.879251592110041088e-04
-1.879251592110041088e-04
-1.085065030172198853e-04
-1.085065030172198853e-04
-1.879224663173073399e-04
-1.879224663173073399e-04
-1.879229644688647791e-04
-1.879229644688647791e-04
-1.750851650803587553e-02
-1.750851650803587553e-02
-5.629546460257470186e-03
-5.629546460257470186e-03
9.520547259209389060e-03
9.520547259209389060e-03
-9.520546942870973528e-03
-9.520546942870973528e-03
-1.879315591998500135e-04
-1.879315591998500135e-04
1.084955579589756095e-04
1.084955579589756095e-04
1.879224382058665389e-04
1.879224382058665389e-04
-1.879229232557047785e-04
-1.879229232557047785e-04
1.750851649718082256e-02
1.750851649718082256e-02
-1.750851643886043585e-02
-1.750851643886043585e-02
4.612238870006887120e-03
4.612238870006887120e-03
-4.612239017871066354e-03
-4.612239017871066354e-03
4.612238985243049746e-03
4.612238985243049746e-03
9.255940771943315520e-03
9.255940771943315520e-03
-9.255940802441325888e-03
-9.255940802441325888e-03
9.255940807444251045e-03
9.255940807444251045e-03
-9.463953809997575082e-05
-9.463953809997575082e-05
1.431992520042040667e-03
1.431992520042040667e-03
1.526632120621383313e-03
1.526632120621383313e-03
-7.022845918410891390e-03
-7.022845918410891390e-03
3.848388590345071768e-03
3.848388590345071768e-03
3.174454864809797723e-03
3.174454864809797723e-03
-1.194602218881148678e-04
-1.194602218881148678e-04
1.807556756168145120e-03
1.807556756168145120e-03
1.927017401631210547e-03
1.927017401631210547e-03
1.708162818856132255e-03
1.708162818856132255e-03
9.360416256227878200e-04
9.360416256227878200e-04
-7.721211271897030675e-04
-7.721211271897030675e-04
-3.890957122375691621e-04
-3.890957122375691621e-04
-5.887414695440609282e-03
-5.887414695440609282e-03
6.276510535190354609e-03
6.276510535190354609e-03
2.156158283359964865e-03
2.156158283359964865e-03
1.181533503827064506e-03
1.181533503827064506e-03
-9.746220332830601938e-04
-9.746220332830601938e-04
1.481577378157217543e-03
1.481577378157217543e-03
-1.481577393797981184e-03
-1.481577393797981184e-03
7.033616440908023112e-03
7.033616440908023112e-03
2.042546320486955669e-07
2.042546320486955669e-07
-3.516806398577823449e-03
-3.516806398577823449e-03
3.516806442417387806e-03
3.516806442417387806e-03
1.870153291113839465e-03
1.870153291113839465e-03
-1.870153255303457895e-03
-1.870153255303457895e-03
8.398748625753318237e-03
8.398748625753318237e-03
4.653268975738319470e-04
4.653268975738319470e-04
1.481577509893692137e-03
1.481577509893692137e-03
1.481577465302969313e-03
1.481577465302969313e-03
-3.516984110332287486e-03
-3.516984110332287486e-03
6.091187769891970132e-03
6.091187769891970132e-03
3.516806073142466835e-03
3.516806073142466835e-03
-3.516805865357148370e-03
-3.516805865357148370e-03
1.870153300954529793e-03
1.870153300954529793e-03
1.870153437278982821e-03
1.870153437278982821e-03
-4.602360368572014707e-03
-4.602360368572014707e-03
7.040867241841990143e-03
7.040867241841990143e-03
4.205816210805168702e-03
4.205816210805168702e-03
-1.481577510186407858e-03
-1.481577510186407858e-03
1.481577450479734659e-03
1.481577450479734659e-03
-3.516630357461577022e-03
-3.516630357461577022e-03
-6.091392017801069807e-03
-6.091392017801069807e-03
-3.516806142625000277e-03
-3.516806142625000277e-03
3.516805889096974447e-03
3.516805889096974447e-03
-1.870153301750838125e-03
-1.870153301750838125e-03
1.870153474412513880e-03
1.870153474412513880e-03
-3.796390697963175284e-03
-3.796390697963175284e-03
-7.506193765011581406e-03
-7.506193765011581406e-03
-4.205816265624942422e-03
-4.205816265624942422e-03
4.205815997398146613e-03
4.205815997398146613e-03
