62914575
125829135
188743695
314572815
566231055
34414264335
68765614095
137468313615
274936627215
62914590
62914605
62914635
62914695
62922765
62930955
62947335
62980110
96469015
96469134
96469255
96469511
96470027
96471053
96501774
96534535
96600071
96731143
96993291
97517581
113246235
113246286
113246475
113246731
113247239
113250317
113262606
113311755
113377291
113508363
113770503
115343373
121634845
121634862
121635341
121636871
121638923
121643022
121700365
121765901
121896973
122683399
123731979
125829150
125829165
125829195
125829255
125837325
125845515
125861895
125894670
163577895
163577997
163579918
163586055
163610637
164626446
180355115
180355149
180359182
180363275
180371469
182452238
188743710
188743725
188743755
188743815
188744206
188751885
188760075
188776455
188809230
188874766
189005838
192938013
192938030
192938509
192940039
192942091
192946190
193003533
193069069
193200141
193986567
195035147
297795655
297795723
297796622
297811975
297828363
298319886
314572830
314572845
314572875
314572935
314573070
314573326
314581005
314589195
314605575
314638350
314703886
314834958
322961451
322961485
322965518
322969611
322977805
325058574
327155739
327155790
327155979
327156235
327156743
327159821
327172110
327221259
327286795
327417867
327680007
329252877
566231070
566231085
566231115
566231175
566231310
566231566
566239245
566247435
566263815
566296590
566362126
566493198
583008327
583008395
583009294
583024647
583041035
583532558
591396903
591397005
591398926
591405063
591429645
592445454
595591191
595591310
595591431
595591687
595592203
595593229
595623950
595656711
595722247
595853319
596115467
596639757
1103101975
1103102094
1103102215
1103102471
1103102987
1103104013
1103134734
1103167495
1103233031
1103364103
1103626251
1104150541
1119879195
1119879246
1119879435
1119879691
1119880199
1119883277
1119895566
1119944715
1120010251
1120141323
1120403463
1121976333
1128268045
1128268301
1128269831
1128271883
1128398861
1128529933
1129316359
1130364939
1132462155
1132462215
1132462350
1132478475
1132494855
1132593166
1132724238
2176843799
2176843918
2176844039
2176844295
2176844811
2176845837
2176876558
2176909319
2176974855
2177105927
2177368075
2177892365
2193621019
2193621070
2193621259
2193621515
2193622023
2193625101
2193637390
2193686539
2193752075
2193883147
2194145287
2195718157
2202009629
2202009646
2202009869
2202010125
2202011655
2202013707
2202017806
2202075149
2202140685
2202271757
2203058183
2204106763
2206203949
2206203979
2206204039
2206204430
2206212109
2206220299
2206236679
2206334990
2206466062
4324327451
4324327502
4324327691
4324327947
4324328455
4324331533
4324343822
4324392971
4324458507
4324589579
4324851719
4326424589
4341104663
4341104782
4341104903
4341105159
4341105675
4341106701
4341137422
4341170183
4341235719
4341366791
4341628939
4342153229
4349494285
4349495307
4349497351
4350017549
4350541835
4351590407
4353687623
4353687691
4353688590
4353703943
4353720331
4354211854
8619294749
8619294766
8619294989
8619295245
8619296775
8619298827
8619302926
8619360269
8619425805
8619556877
8620343303
8621391883
8636072973
8636073995
8636076039
8636596237
8637120523
8638169095
8644460567
8644460686
8644460807
8644461063
8644461579
8644462605
8644493326
8644526087
8644591623
8644722695
8644984843
8645509133
8648654887
8648654989
8648656910
8648663047
8648687629
8649703438
17209230349
17209231371
17209233415
17209753613
17210277899
17211326471
17226006557
17226006574
17226006797
17226007053
17226008583
17226010635
17226014734
17226072077
17226137613
17226268685
17227055111
17228103691
17234395163
17234395214
17234395403
17234395659
17234396167
17234399245
17234411534
17234460683
17234526219
17234657291
17234919431
17236492301
17238589483
17238589517
17238593550
17238597643
17238605837
17240686606
34389098535
34389098637
34389100558
34389106695
34389131277
34390147086
34405875755
34405875789
34405879822
34405883915
34405892109
34407972878
34414264350
34414264365
34414264395
34414264455
34414264846
34414272525
34414280715
34414297095
34414329870
34414395406
34414526478
34418458653
34418458670
34418459149
34418460679
34418462731
34418466830
34418524173
34418589709
34418720781
34419507207
34420555787
68748836935
68748837003
68748837902
68748853255
68748869643
68749361166
68765614110
68765614125
68765614155
68765614215
68765614350
68765614606
68765622285
68765630475
68765646855
68765679630
68765745166
68765876238
68774002731
68774002765
68774006798
68774010891
68774019085
68776099854
68778197019
68778197070
68778197259
68778197515
68778198023
68778201101
68778213390
68778262539
68778328075
68778459147
68778721287
68780294157
137468313630
137468313645
137468313675
137468313735
137468313870
137468314126
137468321805
137468329995
137468346375
137468379150
137468444686
137468575758
137485090887
137485090955
137485091854
137485107207
137485123595
137485615118
137493479463
137493479565
137493481486
137493487623
137493512205
137494528014
137497673751
137497673870
137497673991
137497674247
137497674763
137497675789
137497706510
137497739271
137497804807
137497935879
137498198027
137498722317
274907267095
274907267214
274907267335
274907267591
274907268107
274907269133
274907299854
274907332615
274907398151
274907529223
274907791371
274908315661
274924044315
274924044366
274924044555
274924044811
274924045319
274924048397
274924060686
274924109835
274924175371
274924306443
274924568583
274926141453
274932432925
274932432942
274932433421
274932434951
274932437003
274932441102
274932498445
274932563981
274932695053
274933481479
274934530059
274936627230
274936627245
274936627275
274936627335
274936635405
274936643595
274936659975
274936692750
549785174039
549785174158
549785174279
549785174535
549785175051
549785176077
549785206798
549785239559
549785305095
549785436167
549785698315
549786222605
549801951259
549801951310
549801951499
549801951755
549801952263
549801955341
549801967630
549802016779
549802082315
549802213387
549802475527
549804048397
549810339869
549810339886
549810340109
549810340365
549810341895
549810343947
549810348046
549810405389
549810470925
549810601997
549811388423
549812437003
549814534189
549814534219
549814534279
549814534414
549814534670
549814542349
549814550539
549814566919
549814665230
1099540987927
1099540988046
1099540988167
1099540988423
1099540988939
1099540989965
1099541020686
1099541053447
1099541118983
1099541250055
1099541512203
1099542036493
1099557765147
1099557765198
1099557765387
1099557765643
1099557766151
1099557769229
1099557781518
1099557830667
1099557896203
1099558027275
1099558289415
1099559862285
1099566153757
1099566153774
1099566153997
1099566154253
1099566155783
1099566157835
1099566161934
1099566219277
1099566284813
1099566415885
1099567202311
1099568250891
1099570348077
1099570348107
1099570348167
1099570348302
1099570348558
1099570356237
1099570364427
1099570380807
1099570610190
2199052615707
2199052615758
2199052615947
2199052616203
2199052616711
2199052619789
2199052632078
2199052681227
2199052746763
2199052877835
2199053139975
2199054712845
2199069392919
2199069393038
2199069393159
2199069393415
2199069393931
2199069394957
2199069425678
2199069458439
2199069523975
2199069655047
2199069917195
2199070441485
2199077782541
2199077783563
2199077785607
2199078305805
2199078830091
2199079878663
2199081975879
2199081975947
2199081976846
2199081992199
2199082008587
2199082500110
4398075871261
4398075871278
4398075871501
4398075871757
4398075873287
4398075875339
4398075879438
4398075936781
4398076002317
4398076133389
4398076919815
4398077968395
4398092649485
4398092650507
4398092652551
4398093172749
4398093697035
4398094745607
4398101037079
4398101037198
4398101037319
4398101037575
4398101038091
4398101039117
4398101069838
4398101102599
4398101168135
4398101299207
4398101561355
4398102085645
4398105231399
4398105231501
4398105233422
4398105239559
4398105264141
4398106279950
8796122383373
8796122384395
8796122386439
8796122906637
8796123430923
8796124479495
8796139159581
8796139159598
8796139159821
8796139160077
8796139161607
8796139163659
8796139167758
8796139225101
8796139290637
8796139421709
8796140208135
8796141256715
8796147548187
8796147548238
8796147548427
8796147548683
8796147549191
8796147552269
8796147564558
8796147613707
8796147679243
8796147810315
8796148072455
8796149645325
8796151742507
8796151742541
8796151746574
8796151750667
8796151758861
8796153839630
62914620
251658255
62914650
377487375
62914665
440401935
62914710
629145615
62914725
692060175
62914755
817889295
62914890
1384120335
62914950
1635778575
62915116
2332033039
62915146
2457862159
62915206
2709520399
62915654
4588568591
62915722
4873781263
62915843
5381292047
62916099
6455033871
62916646
8749318159
62916748
9177137167
62916869
9684647951
62917125
10758389775
62917641
12922650639
62918698
17356029967
62918732
17498636303
62918921
18291359759
62919177
19365101583
62919685
21495808015
62920707
25782386703
62922780
34477178895
62922825
34665922575
62922885
34917580815
62923276
36557553679
62924806
42974838799
62926858
51581550607
62930970
68828528655
62930985
68891443215
62931075
69268930575
62931210
69835161615
62931466
70908903439
62931974
73039609871
62935052
85949677583
62939145
103116963855
62947350
137531228175
62947365
137594142735
62947395
137719971855
62947590
138537861135
62947846
139611602959
62948362
141775863823
62949388
146079219727
62955525
171819663375
62963715
206171013135
62980140
275062456335
62980170
275188285455
62980230
275439943695
62988300
309287976975
62996490
343639326735
63012870
412342026255
63045676
549940363279
63045706
550066192399
63045766
550317850639
63046659
554063364111
63047685
558366720015
63049737
566973431823
63053836
584165883919
63062026
618517233679
63078406
687219933199
63176748
1099696177167
63176778
1099822006287
63176838
1100073664527
63177731
1103819177999
63178757
1108122533903
63180809
1116729245711
63184908
1133921697807
63193098
1168273047567
63209478
1236975747087
63438918
2199316856847
63438986
2199602069519
63439107
2200109580303
63439363
2201183322127
63440905
2207650938895
63442949
2216224096271
63455238
2267767898127
63471626
2336504152079
63569923
2748791652367
63700995
3298547466255
63963174
4398205894671
63963276
4398633713679
63963397
4399141224463
63963653
4400214966287
63964169
4402379227151
63967235
4415238963215
63971334
4432431415311
63995916
4535535796239
64094213
4947823296527
64225285
5497579110415
64487433
6597107515407
65011754
8796269182991
65011788
8796411789327
65011977
8797204512783
65012233
8798278254607
65012741
8800408961039
65013763
8804695539727
65019914
8830494703631
65028108
8864862830607
65142793
9345886584847
65273865
9895642398735
65536005
10995137249295
66060291
13194152116239
