2097152540
1125936145629215
2088764444
563020551946271
2200029888571
3959455759
2200566759515
6106939415
19193135135
2080375070
551299350555
275884572699
2200835198991
2200835203095
2080391452
1118570545183
2113945626
2252901070143519
1125900913606685
8798055956495
8798047567895
562951497056285
4400009445399
1125901450412061
562950960119837
4400001056783
284206039071
2080379019
2080383123
559620816927
70263242767
17593192678423
35185915593231
35366895639
562951903772687
281475991732253
281476536991773
1125901857194007
1101088686103
2251801357205527
1100551815183
2251800820334607
2200839389213
281476922900507
35366633487
17593192677903
70263504919
35185915593751
8797904962583
70263111707
8797904962063
35366502427
69726175259
4399858451471
35903307803
4399858450967
70531416335
18186503195
18723373595
36171677975
139485773853
2251801759844382
2084569370
281493901410335
18991808543
2080375067
1125901852999959
18740150301
562951899578639
18194890781
551802634263
276924727311
2251800820322334
2251801357197342
563020350619679
2088764441
2097152537
1125935944302623
19159580702
2251801826951453
2251800820350991
2251801357221911
2200063442959
2200600313879
281750727032863
2084573197
282026141810719
2084577301
562951765377039
1100526649371
1125901718798359
1101071908891
2251800820318351
2251801357189271
9630121999
10166992919
10401906718
2201036521627
2082476043
141013104459807
2082480147
141288519237663
70644897153055
2081427475
70919238189087
2081431563
562951773749278
562951975075867
1125901936885787
1125901735559198
281476990009373
2200973606942
139284447261
2251801759844379
70732743707
70531417118
36171678238
36373004827
1125901853000219
36188454941
70539804701
562951899579419
1125900930252815
562951505313815
562951496929303
276429799447
550779224079
1125900913483791
140773257379871
2082472469
140807080247327
2082472973
2081423885
70403976331295
2081424405
70438872940575
2533276468117535
2118123545
2097184787
1128100205166623
565149714874399
2088796171
2200868749339
2251801625657371
1118369218591
2080391449
2251800828706846
1125901953662999
562952000241679
2251801373966366
