2080374815
3154116655
5838471255
3154116695
5838471215
4093640765
6241124445
6912213023
2080374887
1101323583515
551299317847
5838479383
275884539951
3154120719
3959423035
6106906715
35903242775
69726110735
3154133019
1101323567191
1101323567151
5838487579
2080391211
1102397308959
1105081663519
2080391251
139385126939
1101323569181
551299317807
3154124823
5838475279
275884539991
5301600311
3690987599
17593997983837
6241386523
35186184028221
4094165019
139250894875
4093771799
8797636526141
8797099655261
6241255439
4399590015069
4093706255
4399053144125
6241189911
1101457801245
551299325975
275884544015
139250909213
1101457786907
69726110231
35903243279
139385112605
139385110575
3154118685
5838473245
139385110615
2080571399
13194609295391
2080375823
69726109727
2080375319
35903242271
5838471326
10603200599
3154116766
10603200559
18991808795
551299334171
1101323575319
275884556315
1101323571215
6107168797
17594132201563
3959947293
35186318245947
2080376327
103548977183
1101524893743
3154133022
1101524893783
5838487582
552373059615
2080383015
2080378951
279642636319
140458852383
2080376877
143143206943
2080376917
139385118743
551299319837
139385114639
275884541981
8797636657175
8797099786255
4399590080535
4399053209615
275884548119
551299321871
17593998245915
35186184552475
2201036521519
3154149406
5838503966
2201036521559
52814675999
2080375571
86637543455
2080376075
10536091931
18991808669
18991809047
35903242523
18991809551
69726109979
10536091805
17593729810455
35185379246095
1650542510111
2080399379
2080395275
1375127732255
3690987575
5301600335
35903242397
69726109853
10536092183
10536092687
69726111771
139250893839
35903244315
139250893335
2080899087
35185378721823
2080636951
17593729548319
4160749711
6308233367
9596567614
10133438558
2080440365
4401066410015
2080440405
4403750764575
2080505909
8799649792031
8801260404767
