53539
-198
14
-6
-848
848
171
-74
-419
198
587
-588
-119
-178
-198
14
-6
-848
848
171
-74
-419
198
587
-588
-119
-178
-4811
3077
-140
-839
123
883
1650
-1101
-1205
-789
257
679
424
250
-266
-223
-288
128
-272
-186
-637
1097
201
-348
-425
-249
266
-64
96
-1334
465
393
-149
236
-138
-6
803
-465
464
500
-60
-198
-2259
527
104
343
152
559
993
-993
1091
69
-397
419
464
-445
-585
242
-50
309
-479
355
-327
465
-465
-278
-195
38
1096
-637
-348
201
425
250
-266
96
-64
3077
-4811
140
839
-123
-883
-1101
1650
1205
789
-257
-679
424
250
-266
223
128
-288
271
187
-1334
464
-394
-149
236
-137
6
804
465
464
499
-61
198
-2259
-527
104
342
-152
560
993
992
1092
69
397
418
465
-445
585
242
-50
309
479
-355
-326
-465
-466
-278
-195
-38
393
-584
-322
211
-147
309
-251
217
-148
249
-249
-98
-150
21
-393
585
-321
-212
146
-309
-252
217
147
249
249
98
151
20
-141
140
-547
48
-381
-217
-137
136
-33
-117
161
21
149
39
-38
141
-114
-659
-672
-50
-625
626
-427
252
111
307
-120
119
226
-65
197
-838
839
48
-341
98
288
524
-524
-391
-409
95
385
-128
-190
189
-246
-190
527
-338
-11
52
216
-113
-319
319
-135
-99
59
16
-526
-338
11
-52
216
113
319
319
135
100
58
-16
-671
-827
-310
-663
663
-364
306
80
343
-249
249
298
127
176
124
-123
-381
97
-265
-244
-203
204
110
41
91
-68
133
90
-90
180
-18
-51
-310
-426
-424
425
265
50
153
-99
99
140
203
-55
-91
166
-12
-61
-11
10
41
-625
-663
-424
-1213
956
-604
533
285
556
-11
-62
-140
120
41
179
44
67
104
11
-183
-24
-239
124
-145
-145
-67
-182
32
26
-149
243
-211
-171
173
-198
243
78
68
67
44
52
343
-51
-24
-299
208
-266
-221
-221
-224
-217
-65
47
625
663
424
956
-1212
604
-534
-285
-556
-11
-61
119
-141
41
-180
-44
-67
166
-90
12
61
10
-11
-41
105
-11
-183
-23
239
125
-145
144
-68
-182
-32
25
-150
242
211
-172
173
-198
-243
77
-68
68
43
53
342
52
-23
-299
-209
-265
-222
221
-224
-217
64
48
152
216
239
-208
-365
-340
87
-86
-123
101
58
-68
-152
216
-239
209
-365
340
-86
-86
124
-100
59
68
-427
-364
-604
603
-1055
308
966
302
388
-388
-322
-99
-22
883
-883
-218
288
-244
-922
-731
731
1157
120
97
-339
-147
-68
68
70
133
252
306
266
534
-533
309
-253
-188
-268
-55
54
-49
-42
12
1650
-1101
-137
524
-203
-731
-977
696
824
464
7
-562
-131
-58
106
129
196
-123
276
210
201
-348
-96
186
131
58
-106
27
-45
236
-50
-147
173
-186
63
187
90
-194
80
-80
-107
33
84
560
-114
124
-266
-340
-337
-257
258
-305
-40
149
-97
-137
310
309
-197
64
-235
219
-282
118
-201
200
120
143
17
-348
201
186
-96
-131
-58
106
-46
26
-1101
1651
136
-524
204
730
696
-977
-824
-464
-8
561
-131
-59
105
-129
-124
196
-275
-210
236
-50
146
174
-186
63
-187
-90
-194
-80
-80
-107
33
-84
560
113
125
-266
340
-337
-257
-258
-305
-40
-149
-96
-138
309
-309
-198
63
-236
-218
283
118
200
201
120
143
-17
-479
-251
187
218
-307
132
44
196
-197
-20
-193
-11
479
-251
-187
-218
-308
131
-44
197
196
21
192
-11
-1205
1204
-33
-391
111
1157
824
-824
-1730
-332
60
496
344
74
-74
-65
-347
111
81
49
285
-284
966
-188
-992
-161
-469
470
486
184
-790
789
-117
-408
41
120
464
-464
-332
-550
234
482
-162
-281
281
-357
-304
-6
355
217
-243
90
-283
131
-255
43
-127
128
66
147
19
6
-355
218
242
-91
282
131
-255
-43
-127
-128
-66
-147
20
257
-257
161
95
91
97
7
-8
60
234
-139
-105
-11
37
-38
29
132
307
342
154
556
-557
302
-269
-161
-272
56
-56
-92
21
-84
678
-679
21
385
-68
-339
-561
561
497
481
-105
-497
103
212
-212
298
298
993
-319
-144
-222
86
-258
-705
425
-469
-279
155
-50
993
319
-144
-222
-86
-257
-706
-425
-469
-278
-156
-50
-11
-12
-99
75
-110
-110
-180
425
425
-131
-131
-272
-177
205
10
10
-61
-61
76
-318
-94
-94
283
992
319
-145
-221
-87
-257
-425
-706
-468
-279
-156
-50
-992
319
145
221
-86
258
425
-706
468
279
-156
49
-12
11
-99
75
-110
110
-181
-425
424
132
-131
-271
-178
205
-10
10
-61
61
75
-319
-94
94
283
-11
10
-110
-94
-85
119
-49
-120
-249
-99
-141
119
388
-54
-470
56
-110
-93
-657
452
-50
259
201
44
1091
135
-68
-224
123
-305
-468
-469
-683
-100
-108
-320
804
-326
148
78
-194
118
-44
-43
-523
-241
-242
-383
71
-67
70
99
-181
-217
-101
-40
-279
-279
-100
-428
46
172
120
249
98
120
-141
-387
55
469
-56
-110
-94
452
-657
-49
-260
-201
-43
10
-12
110
93
120
-84
50
1091
-135
-68
-224
-123
-305
-469
468
-683
-100
108
-320
804
-327
-147
78
-194
119
44
43
-522
242
-241
-383
72
67
69
-99
-182
-217
100
-41
-279
278
-100
-429
-45
172
465
-465
249
68
-80
200
197
-127
-242
-306
-155
-168
-87
-54
-465
465
249
-68
80
-200
197
-128
241
-306
155
168
87
-55
-249
250
58
-59
-178
-114
124
31
-30
41
-41
-181
283
-49
50
-254
266
-266
-105
106
205
124
-164
47
-46
465
-465
-249
68
-80
200
-197
128
-241
155
-306
-168
-87
54
465
-465
249
68
-80
200
197
-128
-241
-155
-306
-168
-87
-55
249
250
-58
-59
-178
-114
124
-31
-30
41
41
-181
283
-50
-49
-254
-266
-266
105
106
205
124
-164
-47
-46
-397
59
-32
65
58
149
156
-156
108
-45
-122
10
397
59
32
-65
58
-149
-156
-156
-108
45
-122
-11
226
297
140
180
-179
-322
-49
487
-92
259
-259
-431
-71
-215
-224
223
149
-128
133
-147
129
-129
345
-161
-11
103
-310
-132
131
-243
35
-65
128
202
44
-44
-99
-42
22
201
-201
-71
-236
77
-288
128
39
-189
90
-68
196
-124
74
-281
38
211
10
-31
-46
-132
-220
142
-169
-94
-64
96
27
-46
-10
30
47
-26
51
500
-278
-98
43
-107
120
-21
66
-383
168
-168
-301
21
419
15
26
47
-68
-96
-50
50
-320
172
11
-267
-61
-195
-150
53
33
143
-192
147
71
87
-87
21
-139
-31
96
-64
-45
27
10
-30
-47
52
-26
128
-288
-38
190
-90
68
-123
196
-74
282
-37
-212
10
-30
-47
132
142
-220
169
94
500
-278
98
43
-106
121
20
-66
-383
-169
-168
-300
22
418
-16
25
47
68
-97
-49
-50
-321
172
-11
-267
-61
-194
151
53
33
142
193
-146
71
-87
-87
22
-139
30
-197
38
20
85
17
-11
19
67
-55
54
-30
-49
197
-38
20
-84
-17
-11
20
-67
-54
-55
30
-48
-272
271
141
-246
181
71
275
-275
-65
-357
28
298
-243
-169
168
-397
-178
196
176
-56
67
-67
-23
11
184
-83
44
-43
-216
77
-182
-186
187
-114
-190
-18
132
211
-210
-346
-305
132
299
36
-94
94
-177
-282
1980
1981
-534
-533
-254
-254
534
534
254
253
-404
-403
404
403
292
291
-148
-148
-253
-254
99
100
413
414
674
674
373
373
-253
-254
99
100
-413
-414
-674
-674
-373
-373
-789
-790
731
730
-731
-731
209
210
-35
-36
309
308
-365
-365
325
325
365
365
-325
-325
-88
-88
753
753
-11
-10
-215
-215
90
90
-49
-48
68
68
390
391
-753
-752
-89
-88
10
11
215
215
-90
-90
-48
-49
68
67
-391
-390
510
510
-1204
-1204
-311
-310
1204
1204
310
311
274
275
-30
-30
-9
-9
279
279
-279
-279
-191
-192
309
309
637
638
245
246
-637
-637
-246
-245
263
264
323
324
-263
-264
-323
-324
-74
-74
250
251
-222
-221
313
314
-313
-314
206
206
-71
-70
-83
-83
-278
-279
83
83
278
279
262
262
-568
-568
-568
-568
133
134
160
160
133
134
160
160
127
126
126
126
568
568
-568
-568
133
134
160
160
-134
-133
-160
-160
-127
-126
126
126
851
851
-287
-288
395
396
267
268
384
384
198
198
42
42
109
109
-265
-265
-46
-46
111
110
-159
-158
425
425
-99
-100
-358
-359
-185
-184
-359
-359
-185
-184
-288
-287
396
396
-267
-268
-384
-384
-198
-198
-109
-108
43
42
265
264
47
46
111
110
-159
-158
-425
-425
99
99
-359
-359
-184
-185
359
359
184
185
-334
-333
215
214
-200
-199
-215
-214
200
199
-27
-27
27
27
-21
-21
95
95
21
22
-95
-95
-77
-78
192
191
-192
-192
-215
-214
200
199
-215
-214
200
199
-27
-27
-27
-26
22
21
-95
-95
21
22
-95
-95
-77
-78
192
191
192
192
-309
-310
174
173
-174
-174
-77
-76
63
64
-12
-13
147
147
109
109
-147
-147
-109
-109
-50
-49
-21
-20
20
20
-143
-142
163
164
81
81
-81
-81
368
367
156
155
-367
-368
-155
-156
218
217
-32
-32
-136
-137
39
39
-75
-75
-17
-18
5
6
-87
-87
78
78
-95
-94
89
89
29
28
-65
-66
-59
-60
60
60
62
63
-101
-101
138
137
41
40
-137
-138
-40
-40
143
142
32
32
218
217
137
136
-39
-40
74
75
-18
-17
6
6
-78
-78
-87
-87
94
95
-89
-88
-29
-29
65
65
-60
-59
-60
-60
63
63
-100
-101
-138
-138
-40
-40
-138
-138
-40
-40
-142
-143
91
91
-74
-74
-224
-224
74
75
224
224
132
132
38
38
64
64
-64
-64
-93
-92
121
121
191
192
193
193
-191
-191
-193
-194
9
10
-165
-165
111
111
-110
-111
27
27
-42
-41
-164
-163
-64
-64
163
164
64
63
