520093727
788529199
1459617879
922746959
1325400119
1459617839
788529239
922746935
1325400143
788529183
520093743
9042919963
520095767
34745614367
2399141935
788529295
17431527471
788530191
1459618071
4680843351
922747151
4546625591
2533359695
1325400215
520094735
17431527455
1459619863
34745614423
2399141975
1459617935
4680843311
788529431
9042919511
1459618331
2533359671
922747031
1023410223
788529213
2399141919
520093839
788529691
9042919471
34745614383
788531223
9042920463
17431527963
34745614875
9042921495
17431527511
1459618831
4546625615
1325400335
1560281181
1023410237
69206016539
9042923549
70369201356827
17431528463
17592639029341
1561329691
35184827170843
989855803
17592640077851
1025507355
35184825073725
520094291
9982443551
8796344680509
1023934479
1526726747
34745616407
140737740013661
1568669711
1031798807
140737874231357
9311354911
520094251
4680843295
520093975
520095243
25954353183
520096275
43268440095
1099964613147
9042984987
70369130053725
1564475415
922748943
34611396663
69206018071
34745618461
69206017039
17431531549
1459621917
69206016087
87961248989215
525336595
4398533050907
9043181597
4680843543
1023410207
520093757
788533277
69206016047
17565745231
1325401111
2533359767
69206020125
4546625687
2533359887
1023410263
1459617853
34846277725
1560283165
43980649660447
522715147
2399142031
17431529495
34745615375
17666408509
1023411229
2399142167
4680843407
8796580085789
17592673632285
35184860725277
922746973
1560281143
8796345204751
68971139087
1527775261
17592672583771
2199409132059
9043050519
140737983283229
9076477979
69172462109
35184825597967
8796346777627
70369234911261
9042923535
68971135515
70369199259663
35184627941403
17666409501
991952925
35184858628155
789053469
8796579561519
4546625807
