1040187423
520093758
17683709982
8796596339742
275381239838
35184859676695
17592574017565
70369247494302
2654994462
79165306961951
524812316
275330899998
137942286363
275381224471
17565761566
35184759013406
17592691458071
2651324446
8796596338846
1099763351582
1100015009807
279642636319
520110364
520130588
618945052703
35184877502494
8796596339741
17666932766
137826926622
35184875413527
8798710267935
520618140
1040252955
1099964612670
520880156
13194609295391
4747960350
137942270235
36284353478687
522256412
137691660318
17592689369103
17592689369118
137943318558
17730094759967
521150492
1459617950
2650800215
137950658587
140737941348382
9346318598175
520650780
137690619934
137942278159
35184875405853
9078571038
70369199259678
35184879599643
2650800407
4680843422
275129581598
275381239823
922763294
275381223479
8796579565598
69223317533
2634547230
8796596338845
137942401051
2199476248606
275381239837
275364462622
70368995840030
69226987535
412753068063
520118298
137944367127
35184757973022
137942278174
1099897511966
137942335511
275381231643
137891954718
8813742653471
520619036
524292124
70437933416479
1459618846
17683185751
552138178591
520126606
2651324445
8796579561630
520618044
8797099655199
140737874755614
8796604727319
35322180141087
522199062
17683709981
8796579562526
140875363516447
528490522
528498716
141012836024351
8796600533007
70368996360222
17592437710878
137943318543
35184875929627
8796548104222
8975818782
137942270487
70369230716990
1044381725
8865282261023
520622108
70368995836047
2403336207
142936981372959
528613404
35184875470878
1100017041438
1526734878
137942270043
17592574017566
35184876453911
69206048798
550259134493
8796596338719
520618014
279407755295
520110350
35184858628638
9095348253
524320796
70918969753631
35184875470877
1100000264222
524288156
70371361423391
8796598435867
35184825597982
17683185695
520094750
1040188431
17431527486
523239446
52776927232031
70369248018462
