61692
-340
-207
-243
-81
-157
-30
-8
241
165
-243
-165
-17
-6
178
-118
115
93
-11
409
273
140
-7
-8
14
-47
6
-340
-207
-244
-81
-157
-30
-7
242
164
-244
-164
-17
-7
177
-118
116
93
-11
408
274
139
-8
-8
14
-47
6
-701
-459
24
531
-26
-52
-251
-41
-51
-154
-394
-226
-218
256
-160
-220
-995
-726
-830
-667
-690
-612
8
-619
-341
13
565
431
-180
-73
78
-25
-49
-248
-11
-166
-184
8
-144
119
205
42
57
-169
-913
-479
-438
9
-575
-413
8
-908
84
477
-14
165
-104
-26
-30
-239
73
-71
11
-35
180
-84
167
-129
-203
10
-726
-769
-844
-435
-683
-614
7
-748
-210
25
1083
858
231
-235
-7
-106
-46
-79
-434
-8
-34
-138
-264
10
-365
353
77
85
56
-7
-344
-13
-13
-14
14
-8
7
-10
18
-20
-13
-23
17
-16
8
11
-265
-209
301
161
54
-119
7
-14
-101
-15
-105
260
-28
-479
-562
105
-758
87
-638
-186
69
25
10
280
133
-31
25
54
-252
139
-12
-110
-227
116
-122
198
-188
-830
-845
-1689
-1246
-688
-493
-1108
-91
1263
1071
57
-467
133
83
217
-475
-234
-124
-107
25
48
-112
-8
229
-149
-439
106
-383
14
272
-308
14
-161
-132
52
332
-28
-221
-373
75
16
-233
329
-61
25
144
459
-191
319
-318
-77
12
8
15
-7
-13
11
-8
-20
18
10
16
17
-15
10
-18
-26
11
-21
19
8
-9
-209
-175
215
69
107
-98
72
-29
-93
20
-150
265
8
-575
-758
272
-13
-1459
-130
-12
-1310
-11
-84
-88
22
641
126
42
91
192
-553
-44
-22
-451
-472
239
-162
363
-202
-667
-435
-1245
-2124
-888
-632
-8
-855
34
-15
807
511
-500
-501
532
47
395
-182
-644
-350
-333
-11
303
-145
-105
69
299
-44
-413
87
-308
12
-130
-578
10
-652
-11
149
-23
28
-392
238
44
-44
163
-283
21
-126
366
-82
379
-325
27
8
7
15
-7
-13
10
-7
-20
18
10
16
17
-16
10
-18
-25
11
-21
20
-9
-459
-550
85
67
367
-34
-227
-162
-229
-54
236
-490
-353
-262
309
-233
-336
-690
-683
-689
-888
-851
-797
-677
-68
10
651
535
50
-98
48
-164
142
-272
-205
-215
-265
-183
138
247
92
94
-188
-908
-638
-161
-1310
-652
-1831
296
70
249
555
178
-30
-155
-58
-247
-282
-477
-90
113
85
-10
-210
-612
-614
-493
-631
-798
-780
7
-348
-124
28
693
592
45
-78
-8
50
-263
-79
-234
-7
-160
-164
-401
12
-379
350
143
171
7
-370
8
6
-14
-8
8
-13
-16
19
-14
-8
8
22
-17
-15
-24
23
-21
10
15
85
-335
514
-97
17
134
109
168
-21
-103
120
249
-125
9
-105
114
206
-619
-747
-14
-1108
-855
-677
-347
-16
-2215
181
-22
1742
945
314
-604
181
222
648
-780
-8
-474
-393
-303
-23
287
-264
104
-7
240
28
10
-49
-186
-132
-11
296
-349
286
-152
-255
133
125
57
-11
197
225
109
-62
68
-36
-129
9
-341
-211
14
-91
34
-68
-124
20
180
-482
40
-68
-18
-261
-66
-123
192
-455
-29
248
-83
-35
27
-273
292
27
-84
108
-15
-208
12
25
-8
-14
10
28
-15
-22
40
-47
-13
14
19
45
7
14
-16
8
23
-24
50
-50
-8
-10
15
39
566
1083
6
1263
808
651
693
1742
-68
-3011
-1300
-479
641
8
-95
-395
924
17
560
288
589
-101
120
-260
81
-11
257
24
67
514
-339
162
-20
-168
-205
-132
-17
-101
-30
-207
150
-9
116
-104
-174
301
215
-205
-354
-116
-69
-135
-39
181
22
43
-154
9
60
531
368
-96
161
-533
58
-13
340
46
-36
382
437
322
72
-306
212
278
-27
-33
18
-20
59
-64
-22
-31
-22
-18
-57
-54
-8
49
-35
-47
161
68
-355
-215
-12
11
-16
-35
89
62
-11
-135
8
48
84
69
51
-85
-11
70
286
-240
30
89
-94
-19
62
-67
-50
-156
-98
-76
-17
-28
49
101
431
858
1072
510
535
591
945
-18
-12
-1300
-1281
-476
317
99
105
-168
675
9
235
69
186
208
-193
45
-80
-152
9
331
477
26
332
-20
-87
149
-19
250
30
-481
37
104
184
108
34
393
-224
29
-33
-48
-280
152
-199
186
202
-20
-14
10
-28
18
22
-24
18
37
-37
-19
-28
-29
27
-19
38
45
-21
35
-34
-15
19
164
280
-221
10
641
27
10
555
-152
89
104
-18
-565
-234
-26
-23
24
295
161
16
277
489
-194
115
-186
-46
8
55
107
-116
-12
-183
-226
-286
-31
110
-16
17
-7
-46
-52
-227
134
-168
-12
-22
-922
-112
-530
-374
409
-143
-260
-88
298
-210
-179
-119
-98
-69
11
-226
-352
-366
-73
79
27
-105
217
-51
-251
-162
109
-205
340
-31
-112
-214
11
-34
-136
-196
-81
-42
200
-160
-147
-180
231
57
-500
50
46
314
-261
-479
-476
-884
19
350
165
-67
260
-69
-95
-80
266
-344
12
-17
35
104
-104
133
-373
17
126
-392
16
178
-255
-94
183
-28
-234
-565
190
222
-12
170
-66
25
156
359
-155
281
-179
-28
11
-74
-235
-466
-502
-97
-78
-603
-66
641
318
20
-443
27
308
172
-195
-8
-170
-150
-130
-9
34
39
-197
24
114
-68
-8
-10
-8
-7
15
8
-15
-9
-26
-11
-12
-8
8
-9
77
-105
134
531
48
51
7
181
-123
20
99
350
26
-445
9
-105
-63
282
36
147
10
-427
242
57
-113
37
-8
-140
-41
-229
168
-133
45
-22
-530
11
-446
-140
290
-207
-408
20
228
-122
-237
7
72
-135
-16
-286
-365
-409
-31
131
19
-7
68
-51
-50
-54
-21
-16
-37
-374
-34
-140
-250
72
45
48
-180
10
21
18
-14
-29
-39
-35
-32
-73
-31
-20
19
-38
50
-26
-31
75
41
239
-31
132
-19
109
-26
191
-211
-132
-89
103
23
-64
-7
-53
73
-77
-25
-47
83
47
-164
-263
222
192
-94
104
165
308
8
-406
-32
-43
70
-49
-66
15
94
29
-63
-36
-30
25
17
92
44
-154
125
62
33
-23
222
-131
-156
-39
52
-34
10
16
-31
-29
-10
-154
237
-102
-101
382
-18
408
-137
290
72
-760
141
115
82
-117
154
165
-49
-79
18
217
395
142
-80
23
647
-455
45
-395
-168
-68
172
-106
-31
-534
156
322
108
31
-281
399
-18
-83
8
-15
-172
-239
54
-232
17
192
-43
17
-58
57
-68
393
-30
23
-13
-89
-39
-323
185
-80
26
37
105
-100
122
-141
-94
13
-248
-434
-475
-182
-272
-234
-780
-29
7
924
675
259
-195
-9
-63
157
-577
-14
-234
-154
-133
-8
30
-16
97
68
112
-143
-7
-20
-7
-17
-8
13
18
9
-8
-25
-14
-42
-10
-14
-26
-9
-101
-93
181
88
110
79
130
20
-105
46
-93
69
26
73
-252
329
-15
-554
162
-16
-248
-11
-50
-223
27
295
170
52
186
-397
-9
-26
-265
-348
118
-145
310
-75
-12
-34
-13
-234
-645
-204
-160
-15
-474
248
-16
560
234
-70
-170
282
-44
321
-234
-11
-645
-266
-319
-20
272
-183
-35
85
110
36
-71
139
-61
11
-43
-283
10
-283
196
-157
28
-19
162
-65
103
-79
-8
-326
20
-256
60
134
-118
114
11
-12
25
-18
-23
21
-18
-33
38
16
25
27
-26
20
-38
-41
19
-32
31
9
-19
-393
-490
120
-30
438
-56
-143
-196
-206
45
140
-534
-368
-117
292
-306
-417
-165
-138
-125
-349
-214
-165
-393
-83
8
289
69
-96
-149
36
69
108
-155
-266
-250
-208
-32
-58
77
40
106
-38
-35
-111
143
-451
-125
-477
225
-98
-48
277
157
23
-33
37
-266
-256
-415
-128
128
-59
78
-50
-184
-265
-107
-333
-265
-401
-303
-35
23
588
185
-80
-130
-11
147
-49
-132
-14
-319
-208
-444
7
-101
106
170
-86
-163
8
10
-23
-11
13
-24
-23
26
-24
-9
-11
11
30
-8
-26
-20
7
-39
30
-30
16
18
-145
-364
17
25
303
-183
-379
23
287
-274
50
208
266
35
-8
-426
-67
-281
30
272
-33
-101
31
-822
465
66
-116
-30
-16
-321
-226
-353
249
-207
322
-54
-260
-82
-408
48
116
-367
-686
73
370
-131
-362
-15
20
22
62
-17
27
19
46
-54
100
-12
-89
-218
-262
-125
150
72
-8
-88
-41
20
-180
82
-117
73
-412
11
19
17
-22
8
-10
11
180
-227
460
-25
-473
366
-24
-90
110
-76
-280
44
489
359
-64
10
105
-348
60
-40
-128
-772
283
-246
349
42
-19
-104
-151
43
-10
17
-105
-7
-37
-93
100
-143
169
89
257
309
-105
115
-307
49
298
200
228
10
-117
292
370
19
-443
290
197
261
264
-155
-135
-7
217
68
50
69
-12
169
-398
11
49
9
7
12
-160
-232
114
-105
212
-35
-210
-160
-123
21
153
-307
-131
17
290
-295
-267
119
354
-16
47
-146
138
350
-22
-263
291
-50
-101
-193
-344
39
8
242
15
399
-17
-183
-58
106
-29
465
-756
32
33
-12
15
273
-84
116
-190
12
239
-82
11
113
-62
-17
152
-21
-195
-155
-7
16
-99
119
19
129
283
-171
159
-56
-11
9
204
78
-112
-105
246
143
104
28
-8
120
45
12
-197
58
93
-18
97
-35
77
66
32
-385
12
-36
18
28
-8
12
-220
-336
206
-174
278
-47
-178
-147
-237
18
165
-418
-361
-22
197
-267
-425
42
84
-8
69
93
170
239
-84
-260
-81
-17
24
-113
29
-84
67
86
39
170
-116
32
-37
-164
111
102
167
-121
320
-20
-162
379
-21
85
68
-27
-199
36
115
281
-53
-31
122
-144
134
-32
-59
-245
159
-354
244
14
-15
57
57
229
299
94
7
28
108
-10
80
-152
35
114
37
-63
8
112
110
107
-86
-30
-12
18
111
-302
12
20
-7
8
10
10
-16
15
-12
9
-7
-15
16
-15
16
12
-9
-13
-28
8
59
48
-46
-52
-50
26
-89
89
48
-67
-129
198
-317
20
364
-325
20
-9
-36
49
187
-33
-186
-179
72
-29
-141
310
-118
32
78
349
-55
245
-403
47
13
-169
-344
10
-150
-43
-189
-370
15
-49
-207
40
256
332
104
-68
-9
-140
-36
-172
-142
-9
36
-39
-162
18
-321
274
28
102
20
-13
-347
-204
-187
-77
8
-202
26
-210
-129
101
203
-15
-46
-29
-78
-9
-94
-76
114
9
-50
42
-12
13
47
-309
18
9
13
-9
7
-10
9
-19
19
8
11
13
-18
-19
8
-16
12
18
-11
-351
-352
406
405
9
8
-92
-92
21
22
14
13
-185
-185
7
7
71
71
51
51
-332
-332
-421
-422
20
21
-8
-8
406
406
26
26
10
11
922
922
41
42
844
844
39
39
-14
-15
280
280
26
25
9
9
-541
-542
-552
-552
-33
-33
-961
-961
-593
-593
-585
-584
-325
-326
-38
-38
-1228
-1229
-28
-29
20
20
347
346
-381
-381
-15
-15
-26
-26
8
9
-8
-8
-77
-76
19
20
465
465
-342
-341
659
659
23
23
9
9
-945
-945
-216
-217
-226
-226
101
101
-9
-9
-533
-533
-126
-125
-8
-8
-782
-782
286
286
-53
-52
-57
-56
21
20
-101
-100
-94
-93
17
16
-305
-305
76
76
-93
-93
-16
-15
627
626
-110
-109
-14
-15
-143
-143
-6
-7
-343
-342
-275
-275
300
301
38
39
381
381
135
135
33
34
-122
-122
-119
-119
54
55
-126
-127
-459
-459
-277
-277
-104
-104
-7
-7
-12
-12
103
102
-17
-17
-62
-62
20
19
-115
-115
244
244
-9
-9
-340
-339
-60
-61
16
17
-50
-49
-147
-147
-133
-134
108
108
90
90
-66
-67
-55
-54
-47
-47
50
49
-27
-26
-87
-87
40
40
-169
-169
-17
-18
-162
-163
-242
-243
-17
-17
-203
-204
-138
-139
-17
-18
-192
-193
-24
-24
-325
-325
-52
-53
-8
-8
-295
-294
543
542
36
35
101
101
281
282
38
39
-385
-385
88
87
9
9
-396
-396
-135
-134
-58
-57
37
37
-84
-84
-37
-36
24
24
-190
-190
15
15
-206
-207
11
11
43
43
-122
-123
13
13
-463
-463
-51
-51
16
15
379
380
67
68
-20
-21
-13
-14
185
186
82
83
14
14
-239
-240
104
105
29
29
151
152
50
50
136
136
154
155
37
37
-46
-47
8
9
10
10
13
14
-251
-250
-102
-102
-207
-208
-10
-11
-101
-101
9
8
-220
-220
-32
-32
318
318
151
150
61
60
-168
-168
234
233
421
420
70
70
11
10
243
242
102
102
10
10
-46
-47
-15
-16
153
154
37
37
-63
-62
-18
-18
-81
-82
146
147
-13
-13
-40
-41
-283
-283
-170
-171
117
117
-18
-17
-39
-38
148
149
-41
-41
-172
-172
44
45
7
6
-145
-145
244
244
-115
-115
-348
-348
-76
-76
7
7
-28
-29
65
64
397
396
52
51
-226
-227
-335
-335
-15
-16
-26
-26
76
76
123
123
-199
-200
19
19
322
322
-101
-101
19
19
399
400
-214
-214
72
72
152
152
-40
-40
66
65
145
145
-36
-37
98
98
-159
-158
235
235
58
59
27
26
40
40
-223
-223
255
255
9
10
34
35
419
419
270
270
-31
-31
-148
-148
11
11
69
68
77
78
-9
-8
385
384
-22
-22
-8
-7
-103
-104
15
16
-187
-188
42
42
-91
-92
29
29
177
176
-107
-107
19
18
16
15
-27
-26
-8
-7
364
365
36
37
-22
-22
78
77
-7
-7
302
302
-39
-39
-15
-16
-29
-28
24
24
596
597
49
50
-6
-6
-28
-29
-7
-7
-114
-114
-91
-91
15
16
-231
-231
-80
-80
20
21
-76
-77
112
112
7
6
-87
-87
-197
-198
36
36
53
52
47
47
-27
-27
293
293
11
10
124
125
19
19
-83
-82
-31
-32
-60
-60
-19
-20
-230
-230
-24
-24
35
35
-64
-63
246
246
-9
-9
-12
-13
-443
-443
24
24
13
12
-41
-40
140
141
129
130
-18
-18
123
124
-24
-23
-179
-179
161
161
-11
-11
-13
-13
78
78
-30
-30
197
197
-85
-85
28
28
-140
-139
7
7
284
283
39
39
20
20
-89
-90
-49
-49
-30
-30
49
48
22
22
43
43
-36
-35
-117
-116
112
112
-17
-16
-232
-232
260
260
-15
-16
328
329
-40
-40
10
9
-143
-143
-7
-7
