9.746500127818462644e-01
-5.368751494454604596e-03
-3.272708118575753857e-03
-3.843796667506361835e-03
-1.283578875294235158e-03
-2.475227645842469765e-03
-4.748502834133665283e-04
-1.198039289091702914e-04
3.815449649787791553e-03
2.602647354878640830e-03
-3.845090728525361792e-03
-2.600187670102210163e-03
-2.672256283811192778e-04
-1.027080707523992395e-04
2.804499931160824456e-03
-1.867074509635504838e-03
1.817915458348460123e-03
1.475113945960913886e-03
-1.731416954369467459e-04
6.453660301162789104e-03
4.318711536482990228e-03
2.205306467331797152e-03
-1.160120979456697089e-04
-1.330598863245919682e-04
2.131703642090665722e-04
-7.435862667016300380e-04
1.009082184991043113e-04
-5.368751494454604596e-03
-3.272708118575753857e-03
-3.843796667506361835e-03
-1.283578875294235158e-03
-2.475227645842469765e-03
-4.748502834133665283e-04
-1.198039289091702914e-04
3.815449649787791553e-03
2.602647354878640830e-03
-3.845090728525361792e-03
-2.600187670102210163e-03
-2.672256283811192778e-04
-1.027080707523992395e-04
2.804499931160824456e-03
-1.867074509635504838e-03
1.817915458348460123e-03
1.475113945960913886e-03
-1.731416954369467459e-04
6.453660301162789104e-03
4.318711536482990228e-03
2.205306467331797152e-03
-1.160120979456697089e-04
-1.330598863245919682e-04
2.131703642090665722e-04
-7.435862667016300380e-04
1.009082184991043113e-04
-1.107729044802312560e-02
-7.245911871638586674e-03
3.775179979146978809e-04
8.389710639263017397e-03
-4.180671962289245419e-04
-8.246865985174511339e-04
-3.963076986304021367e-03
-6.483488174695445101e-04
-7.999572782183841067e-04
-2.437228324870994306e-03
-6.218016782346565824e-03
-3.571770415596739901e-03
-3.446750668558616615e-03
4.052503931677033100e-03
-2.526330198391130155e-03
-3.474314302984110071e-03
-1.571658075909800403e-02
-1.147006299637165841e-02
-1.311563030869027438e-02
-1.053745846140556434e-02
-1.090412286027137717e-02
-9.669715340543359738e-03
1.180411266096781218e-04
-9.780551876853685322e-03
-5.392367884043518418e-03
1.982158567085073701e-04
8.930124809297983884e-03
6.806505360114725386e-03
-2.840102814194353596e-03
-1.165391972130841967e-03
1.226556075016868542e-03
-3.901863106291524400e-04
-7.805485121250213673e-04
-3.919988934454027296e-03
-1.759242581451836603e-04
-2.611260870346491722e-03
-2.906142948356633254e-03
1.293649451330614714e-04
-2.282049005292954413e-03
1.882669508351674133e-03
3.238341348591139510e-03
6.580932438437219097e-04
8.947082630366946657e-04
-2.676689945117934760e-03
-1.442480364480345362e-02
-7.559325963407864321e-03
-6.931890591253395649e-03
1.285356644755985558e-04
-9.087803728493848779e-03
-6.528485395990006081e-03
1.246795000942145374e-04
-1.434247161250014682e-02
1.335289710804942603e-03
7.533382894294568879e-03
-2.266834387666885478e-04
2.596614816342578298e-03
-1.644932930071054886e-03
-4.121567548517448068e-04
-4.721567265102654103e-04
-3.780122896374761218e-03
1.154199630467446546e-03
-1.120090288710187719e-03
1.787984290119993516e-04
-5.430002660329969269e-04
2.851685238821575867e-03
-1.319859976744505638e-03
2.636616174612430030e-03
-2.040128252656154238e-03
-3.215034502869836344e-03
1.538010659725838006e-04
-1.147006299637165494e-02
-1.214555657106130594e-02
-1.334271782621106531e-02
-6.866988842075820616e-03
-1.079261520133053751e-02
-9.705185258044136259e-03
1.040096076406126852e-04
-1.180978395348724654e-02
-3.327470554525616304e-03
3.864832695914651112e-04
1.711279681055394644e-02
1.355341879900248681e-02
3.655102465950304733e-03
-3.711271518823399534e-03
-1.202200849864390670e-04
-1.660610017192331624e-03
-7.354682977430669361e-04
-1.249705569505261352e-03
-6.854858645545056778e-03
-1.162118274021836759e-04
-5.480749462747310560e-04
-2.174261821614882281e-03
-4.179002140608284802e-03
1.534302334304346767e-04
-5.761958751314704211e-03
5.580994686366031431e-03
1.217776642339043775e-03
1.339697007203639097e-03
8.945337965972453972e-04
-1.031070580269918493e-04
-5.432304743104563773e-03
-2.073880437682838382e-04
-2.126736913152564253e-04
-2.126626948965884773e-04
2.254435586563564484e-04
-1.254612317344694741e-04
1.057762857345950812e-04
-1.581246740342387078e-04
2.848315231272080940e-04
-3.140062763664622420e-04
-2.055023373079131938e-04
-3.651732779757426795e-04
2.682845952824615974e-04
-2.536917377125020960e-04
1.354291061897840512e-04
1.587865494250082637e-04
-4.199118883801145063e-03
-3.292722915670905515e-03
4.764271666911464032e-03
2.533829438689993215e-03
8.575349304592305710e-04
-1.886258460749374449e-03
1.107858870482388621e-04
-2.227125901454147323e-04
-1.591103195272483041e-03
-2.401387323518837098e-04
-1.646424859023115075e-03
4.110171312155026790e-03
-4.484008377706392686e-04
-7.559325963407862586e-03
-8.883248824616458289e-03
1.664403598091626852e-03
-1.197565147451830347e-02
1.378920889542746813e-03
-1.007424258223634309e-02
-2.933326871230303168e-03
1.086380102205298116e-03
4.036525472928723752e-04
1.525619859375839402e-04
4.426996947036910580e-03
2.101150906750040483e-03
-4.936027183230480651e-04
3.964782904694234378e-04
8.494221771602719802e-04
-3.985718341303330289e-03
2.197201455627958294e-03
-1.777935033676295170e-04
-1.749145304147129267e-03
-3.587977449322610375e-03
1.829644521257475613e-03
-1.920254417294809529e-03
3.136658610152641587e-03
-2.962459726651805753e-03
-1.311563030869026744e-02
-1.334271782621107572e-02
-2.669010355146027996e-02
-1.968020151082826297e-02
-1.087967972998491600e-02
-7.789379672808408733e-03
-1.750467506327118769e-02
-1.435973137715478671e-03
1.994364847258238427e-02
1.693408372741578294e-02
9.021363551376406463e-04
-7.366309553076477550e-03
2.109628361696398204e-03
1.312653250997865284e-03
3.417317916916341909e-03
-7.506946021268887277e-03
-3.694793924880108299e-03
-1.968563517295325062e-03
-1.688598463655406959e-03
3.958068041407133931e-04
7.519802770789340901e-04
-1.780160117376662242e-03
-1.188172503316601430e-04
3.618040680598481537e-03
-2.360498231582875209e-03
-6.931890591253398251e-03
1.664403598091625117e-03
-6.057144121747462355e-03
2.246016536616304382e-04
4.301747063642159113e-03
-4.861575960405641224e-03
2.231804134079445293e-04
-2.545478164114212995e-03
-2.086743095016763833e-03
8.121553469644934376e-04
5.244453765471128806e-03
-4.452963185247726659e-04
-3.485391654397179684e-03
-5.894858929990368784e-03
1.181700421332798666e-03
2.671095823697586117e-04
-3.676378920212012170e-03
5.193283129346927193e-03
-9.666034871508809561e-04
4.015494859561962501e-04
2.264828423533113942e-03
7.262621692569075360e-03
-3.001986674307949646e-03
5.054174688559828765e-03
-5.010003321728091069e-03
-1.218858571799181535e-03
1.996145469962266915e-04
1.285356644755986100e-04
2.246016536616304382e-04
-1.189904393385617847e-04
-1.966959968906564359e-04
1.820373068091229128e-04
-1.227983710574657040e-04
-3.129733602949285763e-04
2.841536410162339506e-04
1.622480793942061167e-04
2.535137898839328078e-04
2.642512251233283056e-04
-2.384266780876302596e-04
1.602473654213813043e-04
-2.899657020618548247e-04
-3.976210050542424183e-04
1.848499163176776645e-04
-3.216962044201010767e-04
3.087422597260069566e-04
1.235473701125415274e-04
-1.463446235856118247e-04
-3.292722915670904214e-03
-2.777575436092510203e-03
3.388888891289876595e-03
1.088520876943219152e-03
1.698103955222281768e-03
-1.550369292359230367e-03
1.138090795394162448e-03
-4.468107138878513532e-04
-1.473171895145064742e-03
3.154219359315108689e-04
-2.377207536230796416e-03
4.182700475355460856e-03
1.162016252531463984e-04
-9.087803728493845309e-03
-1.197565147451830000e-02
4.301747063642162583e-03
-1.966959968906565985e-04
-2.305334468772283346e-02
-2.050943281051995862e-03
-1.978345403419280247e-04
-2.069456105771026039e-02
-1.768932882322896138e-04
-1.330149236273921957e-03
-1.381627109813280936e-03
3.540025378094155623e-04
1.012224657756854822e-02
1.994993789910009391e-03
6.560732082857732503e-04
1.449972455364374573e-03
3.024111701671799990e-03
-8.743930906082990340e-03
-6.862445393868796956e-04
-3.488677884889829738e-04
-7.123917509806407602e-03
-7.461339793949507693e-03
3.775880989462929681e-03
-2.557389249192926466e-03
5.744714612881694771e-03
-3.185824719763358150e-03
-1.053745846140556088e-02
-6.866988842075820616e-03
-1.968020151082826991e-02
-3.355073140378745516e-02
-1.403361091374464263e-02
-9.972916034498045118e-03
-1.275941816757589621e-04
-1.351288693879765593e-02
5.457115364230860112e-04
-2.246082805777184770e-04
1.276107617525044056e-02
8.058994018214589439e-03
-7.899321135540378347e-03
-7.926194864839322674e-03
8.394619937946606533e-03
7.497685427742129937e-04
6.238723664764207928e-03
-2.872964976593258071e-03
-1.018620205662030057e-02
-5.514095358452359048e-03
-5.263425713885366147e-03
-1.790910888476798476e-04
4.786225936661315204e-03
-2.294690734486758144e-03
-1.652729448387784067e-03
1.097016852243461703e-03
4.725499128143982597e-03
-6.892139514777673864e-04
-6.528485395990006081e-03
1.378920889542749849e-03
-4.861575960405642959e-03
1.820373068091226689e-04
-2.050943281051997163e-03
-9.138792032591765840e-03
1.635278175197483032e-04
-1.029925390798496626e-02
-1.773951627030041778e-04
2.348576637720514206e-03
-3.695071582861840032e-04
4.318131655663156156e-04
-6.192381290991148986e-03
3.769045662676974006e-03
6.964726467029756308e-04
-6.869662804109668078e-04
2.570879791966372129e-03
-4.470000957466574790e-03
3.421003433494604839e-04
-1.980925479723319362e-03
5.783828312839939256e-03
-1.304941915501393011e-03
5.983644095734800064e-03
-5.141647451837158024e-03
4.219625072142057045e-04
1.160831911720776999e-04
1.246795000942141308e-04
2.231804134079443396e-04
-1.227983710574655414e-04
-1.978345403419280247e-04
1.635278175197482490e-04
-1.074625562839562993e-04
-3.096417528894360562e-04
2.968899967723014673e-04
1.504701611946170764e-04
2.561626150252660581e-04
2.631507143567463633e-04
-2.507704481763786989e-04
1.653116392100522562e-04
-2.852798119661323958e-04
-3.915674572525071253e-04
1.779874456882826685e-04
-3.238447863098235660e-04
3.151883221155804028e-04
-1.461275892267742708e-04
-7.245911871638579735e-03
-8.703772804580761635e-03
1.331985326040715416e-03
1.057150092313930562e-03
5.809347507073023623e-03
-5.297612219443468108e-04
-3.589464286941047855e-03
-2.558695478644603706e-03
-3.614689507617392487e-03
-8.498931436152509875e-04
3.740761784832135912e-03
-7.729449671024135778e-03
-5.579374983132004417e-03
-4.139423441453455102e-03
4.891281922462862967e-03
-3.667465049600799991e-03
-5.313936279598974188e-03
-1.090412286027137544e-02
-1.079261520133053404e-02
-1.087967972998491253e-02
-1.403361091374463396e-02
-1.343559712089336527e-02
-1.260605468277232674e-02
-1.068951731780445891e-02
-1.069754704789887059e-03
1.592419891841874847e-04
1.029029116432184435e-02
8.450600942242168789e-03
7.891779215264567698e-04
-1.540232580966281045e-03
7.608139145840377843e-04
-2.594396058269572442e-03
2.249926538986167512e-03
-4.300494595318690369e-03
-3.233260996402627027e-03
-3.388123417397615432e-03
-4.195363466709225650e-03
-2.884857412453976575e-03
2.189245446994406152e-03
3.891272548143060762e-03
1.459052583952790815e-03
1.488286351425460036e-03
-2.975269391512768390e-03
-1.434247161250015029e-02
-1.007424258223633962e-02
-2.545478164114212127e-03
-2.069456105771026039e-02
-1.029925390798496453e-02
-2.892901409497358745e-02
4.677290459313560023e-03
1.105213457049961101e-03
3.941322758188828268e-03
8.763126291791869735e-03
2.805242341353203408e-03
-4.838019065860018654e-04
-2.437320796195098765e-03
-9.168352509414796859e-04
-3.909956031110098026e-03
-4.459080938479575984e-03
-7.535212732346164947e-03
-1.421321412826212147e-03
1.780510891283146368e-03
1.348327702375446508e-03
-1.491238697988142743e-04
-3.314918445781732739e-03
-9.669715340543352800e-03
-9.705185258044143198e-03
-7.789379672808408733e-03
-9.972916034498045118e-03
-1.260605468277232848e-02
-1.232008057188046027e-02
1.200900863496327906e-04
-5.492480774883459586e-03
-1.961098948946091505e-03
4.463816603237541524e-04
1.094861028808413045e-02
9.340214498414899091e-03
7.203902622431694602e-04
-1.229589413774691926e-03
-1.301701162086965104e-04
7.922164900965838596e-04
-4.143154152776834173e-03
-1.259858382521684451e-03
-3.690497985110339704e-03
-1.144718128559412979e-04
-2.522950045057118992e-03
-2.596824782770801050e-03
-6.324854863523177856e-03
1.998241312426311594e-04
-5.987347172362766055e-03
5.524595812901797291e-03
2.264060585332067135e-03
2.695273082286242690e-03
1.057465832232555656e-04
-5.856819137678104248e-03
1.180411266096780947e-04
1.040096076406126581e-04
-2.126736913152563440e-04
-1.275941816757591247e-04
1.200900863496325331e-04
-2.121454909208382784e-04
-2.475186111438958635e-04
3.074611548721892674e-04
-2.277235905875787752e-04
-1.181709265572779939e-04
1.219097595243800905e-04
3.590074315213405247e-04
-2.635083963001513038e-04
-2.314694041255962304e-04
-3.785678662674144728e-04
3.625816300306190960e-04
-3.429512927677269216e-04
1.555420314364357258e-04
2.378502258790106535e-04
1.331985326040716717e-03
-5.301772097449379897e-03
8.123438819131436478e-03
-1.520734302771943516e-03
2.715626507772241419e-04
2.113323084506519255e-03
1.723208661681793720e-03
2.667104571241873251e-03
-3.241875197204802800e-04
-1.623979284626700034e-03
1.896803587868851546e-03
3.940160599673942290e-03
-1.977085250380280265e-03
1.405353890360951769e-04
-1.651318514850366043e-03
1.804889088423857271e-03
3.251309874397034783e-03
-9.780551876853692261e-03
-1.180978395348723613e-02
-2.126626948965877183e-04
-1.750467506327118769e-02
-1.351288693879766287e-02
-1.068951731780446238e-02
-5.492480774883469995e-03
-2.475186111438955924e-04
-3.499150293206266388e-02
2.854649781677251474e-03
-3.539034132218585619e-04
2.753053467505404972e-02
1.492742379193635199e-02
4.962253102811630540e-03
-9.530469821472754149e-03
2.857782954404839131e-03
3.517043029624017728e-03
1.023269006928654440e-02
-1.232049676165438562e-02
-1.245903260808627760e-04
-7.488495355535440025e-03
-6.208442920454539625e-03
-4.789342891389156316e-03
-3.662461313424132670e-04
4.541161695946996368e-03
-4.159341528802032971e-03
1.643168110025236940e-03
-1.225235282965957389e-04
3.779255601313696779e-03
4.488832383253409802e-04
1.599488968145836216e-04
-7.719309127011406754e-04
-2.933326871230303168e-03
-2.086743095016763399e-03
-1.768932882322930833e-04
4.677290459313563492e-03
-5.511022430394029413e-03
4.518389727644973181e-03
-2.407474852912885876e-03
-4.033740626678150414e-03
2.095718256393154857e-03
1.972567838571124589e-03
9.073495720212855931e-04
-1.703653297202133848e-04
3.108873068912181362e-03
3.552928560259837557e-03
1.729496275689113970e-03
-9.754343461786762863e-04
1.068504130659083014e-03
-5.697959577100376871e-04
-2.037074576993327512e-03
1.431691805036164051e-04
-5.392367884043514081e-03
-3.327470554525606763e-03
2.254435586563556895e-04
-1.435973137715477587e-03
5.457115364230860112e-04
-1.069754704789891396e-03
-1.961098948946093240e-03
3.074611548721893758e-04
2.854649781677251908e-03
-7.608812705367681319e-03
6.387403279374790927e-04
-1.071149821296748031e-03
-2.848834955670353141e-04
-4.119669736990669295e-03
-1.046418547711514078e-03
-1.947337889530613821e-03
3.023037995224087723e-03
-7.185144478585664234e-03
-4.624276217496253727e-04
3.914460006928499256e-03
-1.315847461080480417e-03
-5.551585935258396276e-04
4.191487633272139839e-04
-4.327018582864026325e-03
4.602837753952170041e-03
4.294650920486746404e-04
-1.320295983077206421e-03
1.708852182355265941e-03
-2.475287491941295377e-04
-3.274474527864655506e-03
1.982158567085078038e-04
3.864832695914642438e-04
-1.254612317344691759e-04
-2.246082805777187210e-04
1.592419891841878100e-04
4.463816603237540440e-04
-2.277235905875787752e-04
-3.539034132218583451e-04
6.387403279374788759e-04
-7.394446578143633276e-04
-1.947934768827288524e-04
2.298555709328603156e-04
3.017235107710700224e-04
7.049444675575077847e-04
1.123429130861828651e-04
2.155664057137824101e-04
-2.563581129897407607e-04
1.350532130159845675e-04
3.606857504623449569e-04
-3.755725180307395222e-04
7.873872031853507755e-04
-7.865385888298318277e-04
-1.363119807246473427e-04
-1.556099798190880277e-04
2.402828066036963794e-04
6.181565512657600592e-04
8.930124809297994293e-03
1.711279681055393950e-02
1.057762857345942139e-04
1.994364847258238080e-02
1.276107617525043536e-02
1.029029116432184261e-02
1.094861028808412871e-02
2.753053467505404972e-02
-1.071149821296739574e-03
-4.757114311520900529e-02
-2.052868574178336528e-02
-7.576634629718824454e-03
1.012893015397482374e-02
1.249183863012995549e-04
-1.489435330422553575e-03
-6.247087901231022228e-03
1.459723991132265419e-02
2.751982639902628537e-04
8.843971486369818502e-03
4.554035265288034276e-03
9.294331414214634240e-03
-1.597443031197779643e-03
1.898706802021756304e-03
-4.114673431750381222e-03
1.267397288119313965e-03
-1.810171017554129116e-04
4.058058614922754014e-03
3.775179979147013504e-04
1.057150092313932296e-03
8.123438819131439947e-03
-5.362184075616358535e-03
2.547480464471597438e-03
-3.237106374524183813e-04
-2.655315432748084868e-03
-3.235167184232412910e-03
-2.088644099016071995e-03
-2.637790126180778166e-04
-1.593166799040864751e-03
-4.759207477126117802e-04
-3.273233085922555054e-03
2.364578403410928786e-03
-1.518865153992378847e-04
1.822591915079374396e-03
-1.650583191905569949e-03
-2.746165879590178535e-03
4.764271666911467501e-03
3.388888891289874861e-03
-3.239606845161967230e-03
-5.601045854661855852e-03
-1.823817185729952398e-03
-1.085469052976336789e-03
-2.135489480461862100e-03
-6.255242298160784090e-04
2.854704975284218411e-03
3.391988407543416084e-04
6.836103281084035879e-04
-2.442705902858286707e-03
1.373967369625752450e-04
9.450158956590347901e-04
8.389710639263012193e-03
5.809347507073023623e-03
-1.520734302771938095e-03
2.547480464471597005e-03
-8.413738267969152543e-03
9.271383552417897462e-04
-1.927654220875581713e-04
5.382015709684149531e-03
7.176090172383651610e-04
-5.741721156989594912e-04
6.027794020015230306e-03
6.915543005457094536e-03
5.079040092315667207e-03
1.140052018543763219e-03
-4.840979920421598776e-03
3.348527863840113604e-03
4.392188900770364543e-03
-4.180671962289256261e-04
-5.297612219443467024e-04
2.715626507772244129e-04
-3.237106374524184355e-04
9.271383552417897462e-04
-1.017415816545979082e-03
-3.490989262176051600e-04
-4.858840393592036254e-04
-3.513348832621461700e-04
-2.877086434668320271e-04
-8.905508261197590163e-04
-8.588661183696860279e-04
-1.205493756628109314e-04
7.759373539850288786e-04
-5.543811167164906968e-04
-7.468998618033415591e-04
2.533829438689989746e-03
1.088520876943218285e-03
-5.601045854661854118e-03
-3.402819350560405860e-03
-1.890811178585573467e-04
1.725546390440604004e-04
-2.480270716762838883e-04
-5.554437804145780956e-04
1.396214007858611987e-03
9.909625777310547990e-04
-1.630437501721694778e-04
-2.140552194590876391e-03
1.250082269555784827e-04
7.558877898055940897e-04
1.335289710804948675e-03
1.086380102205300284e-03
8.121553469644926786e-04
-1.330149236273926727e-03
-1.773951627030052620e-04
1.105213457049974979e-03
4.518389727644964507e-03
-3.790564145066477666e-03
4.824157752965030311e-04
1.401984615126842474e-03
-1.484788141463209976e-03
-2.990331449742136588e-04
9.725276594222760553e-04
-1.069616633515021922e-03
-7.899598014062681871e-04
-2.466347256172997989e-03
-1.549527575702498022e-03
-1.195569352847142622e-03
-2.739600065014159008e-04
-4.355241558597625550e-04
7.743006883898856862e-04
1.599845077331328753e-03
6.806505360114735795e-03
1.355341879900247987e-02
1.693408372741577947e-02
8.058994018214591173e-03
8.450600942242167055e-03
9.340214498414912969e-03
1.492742379193633465e-02
-2.848834955670407352e-04
-1.947934768827285271e-04
-2.052868574178335487e-02
-2.024975241645221580e-02
-7.507501782978352918e-03
5.023314461078391691e-03
1.562959931875673681e-03
1.649403434399824512e-03
-2.660193116196502006e-03
1.065995666687524421e-02
1.442202280144249662e-04
3.708122824732856988e-03
1.101174319265321548e-03
2.929773469731613081e-03
3.281536852375026292e-03
-3.054866642522474727e-03
7.049796101726551328e-04
-1.268920397591817963e-03
-2.401724226023642123e-03
1.416410233487237465e-04
5.238376984532493175e-03
7.533382894294565410e-03
4.036525472928676047e-04
5.244453765471128806e-03
-3.129733602949281426e-04
-1.381627109813279202e-03
2.348576637720517675e-03
-3.096417528894363815e-04
3.941322758188848217e-03
4.824157752965021096e-04
-7.596088177539006905e-03
5.846163706653762556e-04
1.648700784667144967e-03
2.895644100304373483e-03
1.712395611486478659e-03
5.340279974422999397e-04
6.214493521842051962e-03
-3.537236080941337860e-03
4.504871892320077339e-04
-5.205405017660696661e-04
-7.635883966330232406e-04
-4.426533752780714356e-03
2.399588281078939012e-03
-3.144151290637561304e-03
2.940463744752001320e-03
3.196247674749701576e-03
-3.043125300194442912e-04
-2.266834387666882768e-04
1.525619859375841299e-04
-4.452963185247723948e-04
2.841536410162338964e-04
3.540025378094155081e-04
-3.695071582861842742e-04
2.968899967723014673e-04
5.846163706653762556e-04
-5.831842190772780661e-04
-2.894865750643564172e-04
-4.397477142635487952e-04
-4.677726048945142316e-04
4.198206475448014192e-04
-3.045034421011501985e-04
6.027136602422612007e-04
7.051134927250855009e-04
-3.326152452960750910e-04
5.619669218532104184e-04
-5.311974800342697837e-04
-2.424865889591998867e-04
2.922572710861563207e-04
2.596614816342575696e-03
4.426996947036911448e-03
-3.485391654397179250e-03
1.622480793942060353e-04
1.012224657756854822e-02
4.318131655663151819e-04
1.504701611946171035e-04
8.763126291791869735e-03
-2.407474852912885876e-03
1.401984615126842474e-03
1.648700784667143232e-03
-2.894865750643564172e-04
-8.915198548522112326e-03
-3.698870696747006380e-03
-4.204752768962455854e-04
-3.650957543077091357e-04
3.686783870100922636e-04
4.662977177953178676e-03
2.548025216196447233e-03
2.476479278967461291e-04
4.375195909108078006e-03
7.723813552084262367e-03
-3.076212239543020879e-03
1.815962202619429873e-03
-2.929523500695511377e-03
-7.314383126715978678e-04
1.311640040750492375e-04
8.575349304592310047e-04
1.698103955222281768e-03
-1.823817185729952614e-03
-1.890811178585573467e-04
-2.893385324850635161e-03
-3.578058614811508407e-03
-4.511722097326582685e-03
-4.974266506892793989e-04
1.733735133465515686e-03
-2.605648676811669548e-04
2.612798498749782845e-04
-1.057655275328876678e-04
-7.299145256469481875e-04
-8.246865985174511339e-04
-3.589464286941047855e-03
2.113323084506518387e-03
-2.655315432748084434e-03
-1.927654220875588218e-04
-3.490989262176051600e-04
-1.456013193510169966e-02
-1.766198210918561553e-03
-8.371100884677219744e-03
-5.917437081700118243e-03
6.451734389193482765e-03
-2.263777957661335452e-03
-4.111763342268276271e-03
-1.387969308864326224e-03
4.706925646436083306e-03
-3.320499621054462391e-03
-2.820340777629235483e-03
-1.886258460749373582e-03
-1.550369292359230801e-03
-1.085469052976336789e-03
1.725546390440597499e-04
-3.578058614811508407e-03
-5.560772998569813927e-03
-5.774569650449682193e-03
-1.151169437398922267e-03
1.246647114267451653e-03
4.333940272038413165e-04
-1.657385984390837442e-03
3.426679566401363494e-03
-8.111847686528944308e-04
-3.963076986304023969e-03
-2.558695478644601971e-03
1.723208661681798273e-03
-3.235167184232411609e-03
5.382015709684141724e-03
-4.858840393592043843e-04
-1.766198210918561336e-03
-3.389561557482059784e-03
1.714254558563971242e-04
-5.292758298404943388e-04
-2.154262457877025895e-03
-3.091141415588034846e-03
-1.287219360776916191e-03
-6.556603407557965932e-04
3.162028186174924323e-03
-2.535831362365054305e-03
-2.317388870637967190e-03
-2.840102814194360101e-03
3.655102465950299528e-03
9.021363551376384779e-04
-7.899321135540373143e-03
7.891779215264580708e-04
7.203902622431685929e-04
4.962253102811642683e-03
-4.119669736990671897e-03
-7.576634629718821852e-03
-7.507501782978362459e-03
-1.396813647725281618e-02
3.079520245920447721e-04
5.530696725102146605e-03
2.596970160319576719e-03
-1.070080815375095296e-03
4.095123124685391344e-03
-1.099572707399863129e-03
-1.505323079200523561e-03
-1.255801278563159051e-03
4.205072538427165503e-03
-5.435581239612808854e-03
1.916277811851388609e-04
-2.704117012299778623e-04
5.461411492764196634e-04
1.648415524303320674e-03
-1.644932930071059656e-03
2.101150906750040050e-03
-5.894858929990371386e-03
2.535137898839322657e-04
1.994993789910011125e-03
-6.192381290991148118e-03
2.561626150252661665e-04
2.805242341353207745e-03
-4.033740626678153016e-03
-1.484788141463219517e-03
2.895644100304377820e-03
-4.397477142635483616e-04
-3.698870696747006380e-03
-8.922236026010407425e-03
3.010644726905011698e-03
3.494622380479543884e-03
-2.010053329245189849e-04
2.680237074790569815e-03
-1.038719433099574230e-03
4.024824996853232427e-04
2.470104774675266953e-03
5.662771485230250548e-03
-2.444533463065940229e-03
4.441660076455872935e-03
-2.826611687260868148e-03
-4.500361998877337646e-04
1.699265292240393602e-04
-1.165391972130843702e-03
-3.711271518823404739e-03
-7.366309553076480152e-03
-7.926194864839320939e-03
-1.540232580966282346e-03
-1.229589413774693444e-03
-9.530469821472761088e-03
-1.046418547711509958e-03
1.012893015397481680e-02
5.023314461078394293e-03
3.079520245920441216e-04
-6.996812674787914604e-03
4.245557584536931509e-04
4.873687949560861175e-03
2.711557091974506860e-03
-3.088813911338052914e-03
-1.208333679634759596e-04
-2.690913733864710826e-03
-2.360640380676023043e-03
-2.056004533714869773e-03
-1.383924040522134936e-04
5.488000738604998600e-04
6.138850725859765038e-04
-3.107724384593557598e-03
3.875725292997290279e-04
1.798005944598171039e-03
-1.070009495545750939e-03
-1.202200849864392025e-04
-1.581246740342390059e-04
-1.301701162086972151e-04
-1.181709265572786308e-04
2.298555709328609661e-04
1.249183863012989044e-04
-2.468919819533398259e-04
-1.427918844032249391e-04
-4.100566995027736896e-04
-1.724199197060256015e-04
-1.817859784422826619e-04
-1.267671664153966686e-04
1.252757684615331182e-04
-1.421595013340453957e-04
1.226556075016870060e-03
-1.660610017192331624e-03
2.109628361696399938e-03
8.394619937946604799e-03
7.608139145840395190e-04
7.922164900965812575e-04
1.219097595243800905e-04
2.857782954404838698e-03
-1.947337889530613170e-03
3.017235107710703476e-04
1.562959931875677801e-03
5.530696725102144003e-03
4.245557584536896814e-04
-7.030319627540255155e-03
1.295350906269122915e-04
-1.671887049393061195e-03
-9.889763026109089049e-04
4.458524495063251845e-03
5.698470833023182303e-04
2.316268585175100449e-03
1.586729616633885168e-04
-6.743413102762529573e-03
3.822425226577144154e-03
9.116274874240011495e-04
-1.774573991956547060e-03
5.953908249006064843e-04
-1.145960013006631483e-04
-2.211826976767714958e-03
-6.483488174695414743e-04
-3.614689507617392054e-03
2.667104571241873251e-03
-2.088644099016073296e-03
7.176090172383645105e-04
-3.513348832621461700e-04
-8.371100884677221479e-03
1.714254558563945222e-04
-7.046123964244452136e-03
-2.213614003288594256e-03
4.583308283892330130e-03
-3.261957244033426070e-03
-6.445459837644427516e-03
3.193829559165129372e-04
3.603907684657020691e-03
-1.934208703836912124e-03
-3.741546374389306557e-03
1.107858870482401632e-04
1.138090795394160713e-03
-2.135489480461862100e-03
-2.480270716762819367e-04
-4.511722097326583553e-03
-5.774569650449682193e-03
-6.452691614586594272e-03
-5.005752079591443277e-04
2.065062248594167274e-03
2.994660927622638759e-04
-1.108830528241816493e-04
1.073436815795180419e-03
-8.002182614812433431e-04
-7.999572782183836731e-04
-8.498931436152522886e-04
-3.241875197204798463e-04
-2.637790126180784671e-04
-5.741721156989597081e-04
-5.917437081700118243e-03
-5.292758298404960735e-04
-2.213614003288594256e-03
-3.956733892724070487e-03
1.136909112375736070e-03
7.043439372023231962e-04
7.668333212099338360e-04
-2.843512119961871462e-03
1.536435954665803065e-04
3.320797841360066584e-04
2.898311166230541471e-04
-2.227125901454156539e-04
-4.468107138878510279e-04
-6.255242298160792764e-04
-5.554437804145778788e-04
-4.974266506892802663e-04
-1.151169437398921833e-03
-5.005752079591441108e-04
-3.092074772141043155e-04
3.056673725500802757e-04
-5.922669484958268402e-04
7.873076743753167680e-04
-4.121567548517426384e-04
-4.936027183230490408e-04
1.181700421332799967e-03
6.560732082857704314e-04
3.769045662676974006e-03
-4.838019065859992633e-04
2.095718256393150087e-03
-2.990331449742122494e-04
1.712395611486479527e-03
-4.204752768962467780e-04
3.010644726905011698e-03
-3.342243039264564640e-03
-2.080914254428910346e-03
-1.410422742055049503e-03
1.616923883182223463e-03
3.645106200068892180e-04
-1.017399161120025085e-03
-1.125634319225874173e-04
-8.371545320542000696e-04
1.145485216153074729e-03
-1.229154221744000429e-03
-3.901863106291476153e-04
-7.354682977430720319e-04
1.312653250997867019e-03
7.497685427742170053e-04
-2.594396058269569840e-03
-4.143154152776835908e-03
3.517043029624009488e-03
3.023037995224089024e-03
-1.489435330422555310e-03
1.649403434399835788e-03
2.596970160319577586e-03
4.873687949560862043e-03
1.295350906269132673e-04
-6.413203359727542158e-03
-5.015800437493569530e-04
-6.859826501969593354e-04
1.093624484295310957e-03
-7.785428934463988013e-04
-1.048243811938518507e-03
2.312900553998032782e-04
1.480922572195031341e-03
4.647582543193550832e-04
-9.928441302045789944e-04
-5.708384194983458356e-04
-4.721567265102664403e-04
3.964782904694249556e-04
2.671095823697579611e-04
1.449972455364374573e-03
6.964726467029733539e-04
-2.437320796195098331e-03
1.972567838571124589e-03
9.725276594222773564e-04
5.340279974423002649e-04
-3.650957543077091357e-04
3.494622380479544318e-03
-2.080914254428910780e-03
-2.461369561772616850e-03
-6.180763868542295952e-04
8.231520743861985446e-04
-5.298564399884341317e-04
1.598048480403655141e-04
2.508193027646911377e-04
-4.989481557305834114e-04
-4.498062925758301227e-04
-1.521922536273087666e-04
-2.437228324870999076e-03
3.740761784832142417e-03
-1.623979284626691794e-03
-1.593166799040855210e-03
6.027794020015199081e-03
-2.877086434668333823e-04
6.451734389193485367e-03
-2.154262457877029364e-03
4.583308283892333600e-03
1.136909112375739540e-03
-1.201418243639490804e-02
2.218625488739856422e-03
1.824786480190776147e-03
1.285569674233841362e-03
-1.857344358348119329e-03
2.427962676108289669e-03
2.609296083385014703e-03
-7.805485121250601817e-04
-1.249705569505245740e-03
2.848315231272092866e-04
3.417317916916339307e-03
6.238723664764201857e-03
2.249926538986168813e-03
-1.259858382521688788e-03
3.590074315213399284e-04
1.023269006928653573e-02
-7.185144478585665101e-03
7.049444675575069173e-04
-6.247087901231018758e-03
-2.660193116196489429e-03
-1.070080815375090092e-03
2.711557091974492115e-03
-1.671887049393054256e-03
-5.015800437493528330e-04
-8.423071737833329881e-03
2.478853286562316890e-03
5.081360454431397070e-03
1.702211637601024627e-03
4.875346137737316798e-04
-4.439348279256907608e-03
6.313093963138530391e-03
-2.819125095697005024e-04
-1.317535686538372046e-03
1.201389720266313795e-04
-2.419933546636051508e-04
-2.707221990445309642e-03
-3.780122896374767290e-03
8.494221771602676434e-04
-3.676378920212023012e-03
2.642512251233265167e-04
3.024111701671800857e-03
-6.869662804109668078e-04
2.631507143567460381e-04
-9.168352509414771923e-04
9.073495720212844005e-04
-1.069616633515012597e-03
6.214493521842061503e-03
-4.677726048945143400e-04
3.686783870100922636e-04
-2.010053329245213159e-04
-1.410422742055048636e-03
-6.180763868542267763e-04
-5.092792879831636865e-03
2.934417421785425091e-03
-1.250344850983059431e-03
4.187443454202926575e-04
5.860038098904409324e-04
1.664262468223042055e-03
-1.575814098662935928e-03
1.917533589172765607e-03
-2.236311584347556829e-03
-1.483043532361884688e-03
2.058859960149621825e-04
-3.919988934454013418e-03
-6.854858645545078462e-03
-7.506946021268902022e-03
-2.872964976593252000e-03
-4.300494595318693838e-03
-3.690497985110337970e-03
-1.232049676165439776e-02
-4.624276217496198975e-04
1.123429130861828244e-04
1.459723991132262991e-02
1.065995666687525635e-02
4.095123124685379201e-03
-3.088813911338039037e-03
-1.427918844032227707e-04
-9.889763026109030502e-04
2.478853286562320360e-03
-9.121642006959768817e-03
-2.203954570863970455e-04
-3.688323110666717405e-03
-2.441467087201373842e-03
-2.092115826516941987e-03
-1.264179789548965636e-04
4.753502568507595545e-04
-2.561453898401018178e-04
1.532345275341536308e-03
1.068932674132814760e-03
1.774951869411974578e-03
-2.253660070093709694e-03
-1.162118274021869962e-04
-3.140062763664633804e-04
-1.144718128559416638e-04
-2.635083963001497317e-04
-1.245903260808641855e-04
2.155664057137846598e-04
2.751982639902624201e-04
1.442202280144251831e-04
-1.208333679634743469e-04
-4.100566995027690818e-04
-2.203954570863970455e-04
-6.513973078769485017e-04
-1.669679628283063030e-04
-2.175954790647137676e-04
-4.121172732212836356e-04
-1.407860215523743636e-04
-1.591103195272483908e-03
-1.473171895145065175e-03
2.854704975284214942e-03
1.396214007858613288e-03
1.733735133465515903e-03
1.246647114267451220e-03
2.065062248594167708e-03
3.056673725500796794e-04
-1.670396432690416473e-03
7.241854944828765399e-04
-1.463403418897489018e-03
1.097109757243678544e-03
4.057182164421473071e-04
1.154199630467449365e-03
-3.985718341303326820e-03
5.193283129346923724e-03
-2.384266780876303951e-04
-8.743930906082995544e-03
2.570879791966372563e-03
-2.507704481763786989e-04
-3.909956031110101496e-03
-1.703653297202133848e-04
-7.899598014062658019e-04
-3.537236080941338293e-03
4.198206475448011481e-04
4.662977177953178676e-03
2.680237074790567647e-03
8.231520743861970267e-04
2.934417421785427259e-03
-6.280976395617208011e-03
-1.319432632874224971e-04
-4.170214253156278813e-04
-4.190087824336283587e-03
-5.490691335730569882e-03
1.873424796333965185e-03
-2.283433903396369074e-03
4.900522304455836448e-03
-1.191678665474170829e-03
-1.759242581451778056e-04
-5.480749462747308391e-04
-2.055023373079128686e-04
-3.694793924880108299e-03
-1.018620205662030057e-02
-3.233260996402633099e-03
-2.522950045057116824e-03
-2.314694041255960948e-04
-7.488495355535440025e-03
3.914460006928494051e-03
-2.563581129897413028e-04
8.843971486369808094e-03
3.708122824732846580e-03
-1.099572707399864430e-03
-2.690913733864708224e-03
4.458524495063254448e-03
-6.859826501969607448e-04
5.081360454431397937e-03
-3.688323110666706997e-03
-1.669679628283053273e-04
-1.019233883840230462e-02
-4.207456020431447376e-03
-5.040670476758546403e-03
-3.082682016311409255e-04
4.303218787431664291e-03
-2.897907153012985008e-03
-5.490790703610254429e-04
1.347767499724368372e-03
1.732308871522860068e-03
5.729118812940838835e-04
-1.120090288710187069e-03
2.197201455627954825e-03
-9.666034871508759688e-04
1.602473654213810062e-04
-6.862445393868783945e-04
-4.470000957466576524e-03
1.653116392100523646e-04
-4.459080938479575984e-03
3.108873068912178760e-03
-2.466347256172996688e-03
4.504871892320033971e-04
-3.045034421011501985e-04
2.548025216196446799e-03
-1.038719433099573796e-03
1.616923883182223029e-03
-1.250344850983053794e-03
-1.319432632874218466e-04
-5.143100891939637875e-03
3.146458784170551391e-04
-4.056306070703651241e-03
9.438368324272570966e-04
2.112463167779251617e-03
-1.866816224908255089e-03
1.802851296209853800e-03
1.787984290119994601e-04
-1.777935033676295712e-04
4.015494859561958164e-04
-2.899657020618549332e-04
-3.488677884889828653e-04
3.421003433494605381e-04
-2.852798119661329379e-04
-5.205405017660697745e-04
6.027136602422614176e-04
2.476479278967462375e-04
4.024824996853231885e-04
4.187443454202928743e-04
-4.170214253156277729e-04
3.146458784170550306e-04
-5.968213180687139286e-04
-6.422646599030159414e-04
2.994919590625199756e-04
-5.088373488139176851e-04
4.936139305570480355e-04
1.455345073329302841e-04
-2.918598015665309223e-04
-6.218016782346571028e-03
-7.729449671024134910e-03
1.896803587868851546e-03
-4.759207477126117802e-04
6.915543005457094536e-03
-8.905508261197582574e-04
-2.263777957661335452e-03
-3.091141415588030943e-03
-3.261957244033425202e-03
7.043439372023229793e-04
2.218625488739859458e-03
-8.435029965004836594e-03
-5.805885552150439298e-03
-1.847816926907182907e-03
4.612007487725926051e-03
-4.838022123711450788e-03
-6.593652847578768648e-03
-2.611260870346486084e-03
-2.174261821614884016e-03
-1.968563517295316388e-03
-5.514095358452365120e-03
-3.388123417397617600e-03
-2.596824782770806687e-03
-6.208442920454511869e-03
-1.315847461080488657e-03
1.350532130159835375e-04
4.554035265288034276e-03
1.101174319265314609e-03
-1.505323079200527464e-03
-2.360640380676016972e-03
5.698470833023186639e-04
1.093624484295304669e-03
1.702211637601057370e-03
-2.441467087201362567e-03
-4.207456020431453447e-03
-3.945123913609025271e-03
-3.286103905733680185e-03
-5.132378203505840591e-04
-9.136382536944630435e-04
1.214953155501023903e-03
6.278344693558483153e-04
1.686748994229150464e-03
-6.034873690721411117e-04
-5.430002660330036490e-04
-1.749145304147123195e-03
2.264828423533104401e-03
-7.123917509806412807e-03
-1.980925479723311990e-03
-7.535212732346164947e-03
3.552928560259842328e-03
-1.549527575702503226e-03
-7.635883966330336489e-04
4.375195909108081475e-03
2.470104774675270422e-03
3.645106200068862364e-04
-5.298564399884356495e-04
5.860038098904568702e-04
-4.190087824336284454e-03
-4.056306070703655578e-03
-6.552762917728154057e-03
-2.011748741225333550e-03
2.033059994159269919e-03
-9.258435813587744673e-04
1.235362610766783768e-03
-7.940231298332268896e-04
-2.906142948356639326e-03
-4.179002140608273526e-03
-1.688598463655416500e-03
-5.263425713885355739e-03
-4.195363466709232589e-03
-6.324854863523174386e-03
-4.789342891389171929e-03
-5.551585935258450486e-04
3.606857504623458784e-04
9.294331414214630771e-03
2.929773469731599203e-03
-1.255801278563154280e-03
-2.056004533714876278e-03
-1.724199197060248697e-04
2.316268585175100883e-03
-7.785428934463979340e-04
-2.092115826516971477e-03
-2.175954790647114366e-04
-5.040670476758548138e-03
-3.286103905733683654e-03
-7.013426924541663401e-03
1.059456600006507330e-04
-1.606169809791100234e-03
1.670825019285086463e-03
2.684036187860978397e-03
-1.363165252009975337e-03
-2.565529345766571611e-03
1.293649451330619051e-04
1.534302334304368993e-04
-3.651732779757420290e-04
-1.790910888476788447e-04
1.998241312426308884e-04
-3.785678662674147980e-04
-3.662461313424140259e-04
4.191487633272140381e-04
-3.755725180307394138e-04
-1.383924040522129515e-04
-1.817859784422818216e-04
1.586729616633883542e-04
4.875346137737303787e-04
-1.264179789548964281e-04
-4.121172732212847740e-04
-3.082682016311423349e-04
1.059456600006512751e-04
-6.165991961169067954e-04
4.845596837599527580e-04
-4.647667793753829449e-04
2.499001181067689965e-04
2.925766498723294108e-04
-2.282049005292949208e-03
-5.761958751314704211e-03
2.682845952824615974e-04
3.958068041407128510e-04
4.786225936661315204e-03
-2.884857412453978309e-03
-5.987347172362766055e-03
3.625816300306193129e-04
4.541161695946996368e-03
-4.327018582864024590e-03
7.873872031853508839e-04
3.281536852375025425e-03
4.205072538427165503e-03
5.488000738605005105e-04
-1.267671664153965060e-04
-6.743413102762529573e-03
-1.048243811938518507e-03
-4.439348279256906740e-03
4.753502568507618313e-04
4.303218787431664291e-03
-5.132378203505849265e-04
-1.606169809791098933e-03
4.845596837599525954e-04
-1.298618712569963966e-02
7.348018586632782713e-03
1.045462727494499795e-03
-1.826191398541969404e-03
-4.819842990807388246e-04
-2.417924629075889477e-04
-5.070006983003672550e-03
-3.571770415596736865e-03
-5.579374983132007887e-03
3.940160599673940556e-03
-3.273233085922555054e-03
5.079040092315667207e-03
-8.588661183696858110e-04
-4.111763342268276271e-03
-1.287219360776917058e-03
-6.445459837644427516e-03
7.668333212099336191e-04
1.824786480190774413e-03
-5.805885552150441033e-03
-1.082802414759691245e-02
1.158743028145693948e-03
5.842870396779722801e-03
-2.076473766645678051e-03
-5.713494647822800129e-03
-2.401387323518843061e-04
3.154219359315108689e-04
3.391988407543414458e-04
9.909625777310534980e-04
-2.605648676811669548e-04
4.333940272038413165e-04
2.994660927622642011e-04
7.241854944828761062e-04
-8.586223098813987190e-04
1.579712333992646083e-03
-1.845727370622372333e-04
-1.405980889715753579e-03
-3.446750668558615747e-03
-4.139423441453456837e-03
-1.977085250380278530e-03
2.364578403410928786e-03
1.140052018543763219e-03
-1.205493756628109043e-04
-1.387969308864326441e-03
-6.556603407557965932e-04
3.193829559165131541e-04
-2.843512119961872763e-03
1.285569674233841796e-03
-1.847816926907182257e-03
1.158743028145693948e-03
-6.508537787580007290e-03
1.697179414858976268e-04
3.040800643387502316e-04
2.672956880427772340e-04
-3.401612973665221512e-04
1.405353890360952311e-04
-1.518865153992378847e-04
1.697179414858975455e-04
2.851685238821574566e-03
-3.587977449322609941e-03
7.262621692569077095e-03
-3.976210050542426351e-04
-7.461339793949509427e-03
5.783828312839940991e-03
-3.915674572525071795e-04
-1.421321412826211279e-03
1.729496275689116139e-03
-1.195569352847143706e-03
-4.426533752780714356e-03
7.051134927250855009e-04
7.723813552084263234e-03
5.662771485230251416e-03
-1.017399161120025085e-03
1.598048480403657851e-04
1.664262468223047260e-03
-5.490691335730569882e-03
9.438368324272579640e-04
-6.422646599030161583e-04
-2.011748741225333550e-03
-1.219709967294678107e-02
4.482031009985221887e-03
-3.879673151993136976e-03
5.516129563768782350e-03
6.674580221519047733e-04
-2.911186931380418496e-04
-1.646424859023115075e-03
-2.377207536230797717e-03
6.836103281084030458e-04
-1.630437501721702367e-04
2.612798498749785013e-04
-1.657385984390837442e-03
-1.108830528241816493e-04
-5.922669484958270570e-04
-1.463403418897489452e-03
1.579712333992647384e-03
-2.269795023421049187e-03
2.671007832073660822e-03
1.405536015191729583e-03
4.052503931677033100e-03
4.891281922462862967e-03
-1.651318514850364308e-03
1.822591915079373312e-03
-4.840979920421600510e-03
7.759373539850286617e-04
4.706925646436082439e-03
3.162028186174925624e-03
3.603907684657020691e-03
1.536435954665806860e-04
-1.857344358348114993e-03
4.612007487725924317e-03
5.842870396779723668e-03
3.040800643387502316e-04
-6.991111625471758961e-03
4.582733219579771325e-03
3.118919350493888631e-03
4.110171312155028525e-03
4.182700475355461724e-03
-2.442705902858287575e-03
-2.140552194590876391e-03
-1.057655275328877762e-04
3.426679566401364362e-03
1.073436815795180202e-03
7.873076743753172017e-04
1.097109757243679845e-03
-1.845727370622372333e-04
2.671007832073661690e-03
-6.290178616825674307e-03
1.803120655313310305e-04
7.646000474957261473e-04
1.373967369625751366e-04
1.250082269555783743e-04
1.803120655313310034e-04
-2.526330198391131456e-03
-3.667465049600799991e-03
1.804889088423859657e-03
-1.650583191905572768e-03
3.348527863840111869e-03
-5.543811167164906968e-04
-3.320499621054461958e-03
-2.535831362365056473e-03
-1.934208703836911257e-03
3.320797841360069837e-04
2.427962676108287934e-03
-4.838022123711453390e-03
-2.076473766645678051e-03
2.672956880427771256e-04
4.582733219579772192e-03
-4.661710770525471018e-03
-4.219592130105596743e-03
1.882669508351661122e-03
5.580994686366036635e-03
-2.536917377125025297e-04
7.519802770789318132e-04
-2.294690734486758144e-03
2.189245446994405285e-03
5.524595812901801628e-03
-3.429512927677268131e-04
-4.159341528802034706e-03
4.602837753952175245e-03
-7.865385888298318277e-04
-1.597443031197785064e-03
-3.054866642522476028e-03
-5.435581239612805385e-03
6.138850725859736849e-04
1.252757684615336603e-04
3.822425226577145022e-03
2.312900553998041456e-04
6.313093963138531259e-03
-2.561453898401018720e-04
-2.897907153012981539e-03
-9.136382536944732350e-04
1.670825019285089499e-03
-4.647667793753825654e-04
7.348018586632782713e-03
-1.193952621174029435e-02
5.042156590808897143e-04
5.174038041106626511e-04
-1.900988665722316785e-04
2.456485349220230755e-04
4.318448669381752189e-03
-1.319859976744506939e-03
1.829644521257473445e-03
-3.001986674307947477e-03
1.848499163176780711e-04
3.775880989462928813e-03
-1.304941915501394529e-03
1.779874456882826414e-04
1.780510891283143549e-03
-9.754343461786709737e-04
-2.739600065014185029e-04
2.399588281078946818e-03
-3.326152452960750910e-04
-3.076212239543020879e-03
-2.444533463065941097e-03
-1.125634319225877426e-04
2.508193027646909209e-04
-1.575814098662929640e-03
1.873424796333966053e-03
2.994919590625205177e-04
2.033059994159263847e-03
4.482031009985223621e-03
-2.701942884371603439e-03
2.513517673486653434e-03
-8.748375349263105491e-04
-1.776727640025187226e-04
1.350626399814578045e-04
3.238341348591141679e-03
1.217776642339039438e-03
-1.780160117376660507e-03
-1.652729448387785585e-03
3.891272548143064666e-03
2.264060585332065834e-03
1.643168110025240193e-03
4.294650920486775677e-04
-1.363119807246474782e-04
1.898706802021753919e-03
7.049796101726629391e-04
1.916277811851358522e-04
-3.107724384593553262e-03
9.116274874240011495e-04
1.480922572195030040e-03
-2.819125095697009361e-04
1.532345275341541729e-03
-5.490790703610254429e-04
1.214953155501025204e-03
1.045462727494499795e-03
5.042156590808898227e-04
-6.091183565356032836e-03
1.832248138753550558e-04
-5.723012789878485513e-04
2.735537921315352801e-04
4.538909474220614642e-04
-1.225235282965960642e-04
1.832248138753549745e-04
-3.474314302984114842e-03
-5.313936279598978525e-03
3.251309874397035216e-03
-2.746165879590177234e-03
4.392188900770361941e-03
-7.468998618033418843e-04
-2.820340777629234616e-03
-2.317388870637968057e-03
-3.741546374389303521e-03
2.898311166230526292e-04
2.609296083385021642e-03
-6.593652847578772985e-03
-5.713494647822800129e-03
-3.401612973665210670e-04
3.118919350493886897e-03
-4.219592130105599345e-03
-6.706526897662169404e-03
6.580932438437023940e-04
1.339697007203644735e-03
-1.188172503316714188e-04
1.097016852243457800e-03
1.459052583952783876e-03
2.695273082286243557e-03
3.779255601313697213e-03
-1.320295983077206855e-03
-4.114673431750376885e-03
-1.268920397591819698e-03
-2.704117012299831748e-04
3.875725292997253416e-04
-1.774573991956544458e-03
4.647582543193589863e-04
-1.317535686538359469e-03
1.068932674132806737e-03
1.347767499724368805e-03
6.278344693558310765e-04
2.684036187860974927e-03
-1.826191398541968103e-03
5.174038041106677468e-04
-5.723012789878501776e-04
-2.594000099147356075e-03
1.757698718872269250e-03
1.605312509104648427e-03
2.636616174612425260e-03
-1.920254417294815817e-03
5.054174688559829633e-03
-3.216962044201010767e-04
-2.557389249192928635e-03
5.983644095734798329e-03
-3.238447863098236203e-04
1.348327702375446292e-03
1.068504130659082146e-03
-4.355241558597628803e-04
-3.144151290637550895e-03
5.619669218532102016e-04
1.815962202619429873e-03
4.441660076455868598e-03
-8.371545320541972507e-04
-4.989481557305822188e-04
1.917533589172761271e-03
-2.283433903396369074e-03
2.112463167779255087e-03
-5.088373488139162756e-04
-9.258435813587767441e-04
-3.879673151993138711e-03
2.513517673486645627e-03
-5.582250964944643692e-03
3.865154656588586438e-03
2.086531000356015432e-04
-2.494852899077766323e-04
8.947082630366987857e-04
8.945337965972533119e-04
3.618040680598480670e-03
4.725499128143987801e-03
1.488286351425467842e-03
1.057465832232506596e-04
4.488832383253325235e-04
1.708852182355254448e-03
-1.556099798190879193e-04
1.267397288119310496e-03
-2.401724226023631715e-03
5.461411492764186876e-04
1.798005944598169521e-03
5.953908249006043159e-04
-9.928441302045789944e-04
1.201389720266153333e-04
1.774951869411953761e-03
1.732308871522862019e-03
1.686748994229146344e-03
-1.363165252009948232e-03
-4.819842990807366020e-04
-1.900988665722352293e-04
2.735537921315268233e-04
1.757698718872263395e-03
-4.764421812707276063e-03
1.959708309803235692e-04
3.214400482070117184e-04
-1.031070580269935163e-04
1.354291061897838614e-04
1.555420314364366744e-04
1.599488968145835674e-04
-2.475287491941297003e-04
2.402828066036970841e-04
-1.810171017554130200e-04
1.416410233487231502e-04
-1.145960013006640428e-04
-2.419933546636061266e-04
2.499001181067710023e-04
-2.417924629075888664e-04
2.456485349220223708e-04
1.959708309803225392e-04
-1.321863450919742136e-04
-2.068461557371588508e-04
-4.484008377706405696e-04
1.162016252531467643e-04
9.450158956590360912e-04
7.558877898055954992e-04
-7.299145256469479707e-04
-8.111847686528949729e-04
-8.002182614812431262e-04
4.057182164421475781e-04
-1.405980889715753579e-03
1.405536015191730017e-03
7.646000474957248463e-04
-1.046152718592179964e-03
-2.040128252656151202e-03
3.136658610152635515e-03
-5.010003321728091069e-03
3.087422597260071192e-04
5.744714612881693036e-03
-5.141647451837155422e-03
3.151883221155801860e-04
-1.491238697988134070e-04
-5.697959577100387713e-04
7.743006883898853610e-04
2.940463744751999585e-03
-5.311974800342701090e-04
-2.929523500695512678e-03
-2.826611687260869015e-03
1.145485216153070609e-03
-4.498062925758299600e-04
-2.236311584347557696e-03
4.900522304455836448e-03
-1.866816224908256390e-03
4.936139305570478187e-04
1.235362610766788105e-03
5.516129563768781482e-03
-8.748375349263114165e-04
3.865154656588586004e-03
-6.367401999700593104e-03
7.461066570553717692e-04
1.985770081647716403e-04
-2.676689945117929556e-03
-5.432304743104564640e-03
1.587865494250084264e-04
-2.360498231582880413e-03
-6.892139514777782285e-04
-2.975269391512770558e-03
-5.856819137678105983e-03
2.378502258790102198e-04
-7.719309127011400248e-04
-3.274474527864655506e-03
6.181565512657599508e-04
4.058058614922758350e-03
5.238376984532487970e-03
1.648415524303320674e-03
-1.070009495545750939e-03
-1.421595013340463173e-04
-2.211826976767714958e-03
-5.708384194983530998e-04
-2.707221990445311376e-03
-2.253660070093701888e-03
-1.407860215523745804e-04
5.729118812940710900e-04
-6.034873690721369918e-04
-2.565529345766572045e-03
2.925766498723282724e-04
-5.070006983003672550e-03
4.318448669381747852e-03
4.538909474220628737e-04
1.605312509104650596e-03
3.214400482070090079e-04
-2.068461557371587965e-04
-5.475907250379455360e-03
-3.215034502869836344e-03
-2.962459726651806621e-03
-1.218858571799180668e-03
1.235473701125416087e-04
-3.185824719763356849e-03
4.219625072142073308e-04
-3.314918445781732739e-03
-2.037074576993328813e-03
1.599845077331329404e-03
3.196247674749695504e-03
-2.424865889591999138e-04
-7.314383126715988436e-04
-4.500361998877351740e-04
-1.229154221743999562e-03
-1.521922536273080076e-04
-1.483043532361882520e-03
-1.191678665474169094e-03
1.802851296209855535e-03
1.455345073329304467e-04
-7.940231298332268896e-04
6.674580221519036891e-04
-1.776727640025177468e-04
2.086531000355995374e-04
7.461066570553735039e-04
-4.875555050753897779e-03
2.814073105890150216e-04
1.538010659725839633e-04
1.996145469962265018e-04
-1.463446235856116079e-04
1.160831911720780252e-04
-1.461275892267741895e-04
1.431691805036161341e-04
-3.043125300194446164e-04
2.922572710861562123e-04
1.311640040750494272e-04
1.699265292240387639e-04
2.058859960149620741e-04
-2.918598015665301092e-04
-2.911186931380420123e-04
1.350626399814574522e-04
-2.494852899077766866e-04
1.985770081647715590e-04
2.814073105890150216e-04
-1.618740230040181533e-04
-5.556304345282404855e-03
-5.556304345282404855e-03
6.410827234957677465e-03
6.410827234957677465e-03
1.319050952211724235e-04
1.319050952211724235e-04
-1.449654732911715566e-03
-1.449654732911715566e-03
3.385034460858145355e-04
3.385034460858145355e-04
2.209665355490894080e-04
2.209665355490894080e-04
-2.922826174099412734e-03
-2.922826174099412734e-03
1.035053509890092793e-04
1.035053509890092793e-04
1.122899860787181237e-03
1.122899860787181237e-03
8.054371477485729180e-04
8.054371477485729180e-04
-5.243901508694196606e-03
-5.243901508694196606e-03
-6.660950143965626430e-03
-6.660950143965626430e-03
3.263378734869194081e-04
3.263378734869194081e-04
-1.244853716297335223e-04
-1.244853716297335223e-04
6.417416069443722046e-03
6.417416069443722046e-03
4.108785516050955221e-04
4.108785516050955221e-04
1.610397109351085544e-04
1.610397109351085544e-04
1.457134819204088452e-02
1.457134819204088452e-02
6.507699573012858119e-04
6.507699573012858119e-04
1.333599365056536978e-02
1.333599365056536978e-02
6.155862649080552336e-04
6.155862649080552336e-04
-2.314080008760720328e-04
-2.314080008760720328e-04
4.422726070093578599e-03
4.422726070093578599e-03
4.067606003280834024e-04
4.067606003280834024e-04
1.389205054515646682e-04
1.389205054515646682e-04
-8.552606811383292942e-03
-8.552606811383292942e-03
-8.723086171290927310e-03
-8.723086171290927310e-03
-5.238434819635198400e-04
-5.238434819635198400e-04
-1.517937680567091330e-02
-1.517937680567091330e-02
-9.372187283960560500e-03
-9.372187283960560500e-03
-9.233141072007910316e-03
-9.233141072007910316e-03
-5.139262781011105091e-03
-5.139262781011105091e-03
-6.011923095440028023e-04
-6.011923095440028023e-04
-1.940709585592260977e-02
-1.940709585592260977e-02
-4.495844814751985205e-04
-4.495844814751985205e-04
3.216397339618194641e-04
3.216397339618194641e-04
5.471215649309787120e-03
5.471215649309787120e-03
-6.020035904707914456e-03
-6.020035904707914456e-03
-2.404983062401347188e-04
-2.404983062401347188e-04
-4.085027996716250739e-04
-4.085027996716250739e-04
1.305357827414669214e-04
1.305357827414669214e-04
-1.323229582298442522e-04
-1.323229582298442522e-04
-1.204231947110273940e-03
-1.204231947110273940e-03
3.101571656785413397e-04
3.101571656785413397e-04
7.345387485192192076e-03
7.345387485192192076e-03
-5.398891740226064752e-03
-5.398891740226064752e-03
1.040903406429137014e-02
1.040903406429137014e-02
3.610167533271024408e-04
3.610167533271024408e-04
1.428475141045720744e-04
1.428475141045720744e-04
-1.492763988712150075e-02
-1.492763988712150075e-02
-3.421301414860026830e-03
-3.421301414860026830e-03
-3.569462016577680443e-03
-3.569462016577680443e-03
1.599133193647805668e-03
1.599133193647805668e-03
-1.407223483631889075e-04
-1.407223483631889075e-04
-8.424142622346267317e-03
-8.424142622346267317e-03
-1.982182457925545874e-03
-1.982182457925545874e-03
-1.261383105568579033e-04
-1.261383105568579033e-04
-1.235259057873291759e-02
-1.235259057873291759e-02
4.520797937419404264e-03
4.520797937419404264e-03
-8.314982470181318201e-04
-8.314982470181318201e-04
-8.927036308887779676e-04
-8.927036308887779676e-04
3.206099199434315106e-04
3.206099199434315106e-04
-1.591065732985399821e-03
-1.591065732985399821e-03
-1.476146145623083482e-03
-1.476146145623083482e-03
2.598699484787084712e-04
2.598699484787084712e-04
-4.820494438081143231e-03
-4.820494438081143231e-03
1.199014551612401572e-03
1.199014551612401572e-03
-1.471450623086108765e-03
-1.471450623086108765e-03
-2.429864823010161219e-04
-2.429864823010161219e-04
9.894314925450384268e-03
9.894314925450384268e-03
-1.733813573848172820e-03
-1.733813573848172820e-03
-2.232050016870806798e-04
-2.232050016870806798e-04
-2.260622843209450939e-03
-2.260622843209450939e-03
-1.060971720985778719e-04
-1.060971720985778719e-04
-5.410800084482089191e-03
-5.410800084482089191e-03
-4.341467445486409810e-03
-4.341467445486409810e-03
4.746914444290675078e-03
4.746914444290675078e-03
6.108024256605032887e-04
6.108024256605032887e-04
6.022713641515142942e-03
6.022713641515142942e-03
2.127670360774016473e-03
2.127670360774016473e-03
5.290279802781907084e-04
5.290279802781907084e-04
-1.932672485828445044e-03
-1.932672485828445044e-03
-1.874904892486411534e-03
-1.874904892486411534e-03
8.606527389739479506e-04
8.606527389739479506e-04
-1.998842474648159992e-03
-1.998842474648159992e-03
-7.256529142552444085e-03
-7.256529142552444085e-03
-4.375503422201431139e-03
-4.375503422201431139e-03
-1.642109633711833546e-03
-1.642109633711833546e-03
-1.082368921660852295e-04
-1.082368921660852295e-04
-1.906783831629654466e-04
-1.906783831629654466e-04
1.623150369810133324e-03
1.623150369810133324e-03
-2.641671425715911908e-04
-2.641671425715911908e-04
-9.813880298564429776e-04
-9.813880298564429776e-04
3.116261088554694121e-04
3.116261088554694121e-04
-1.810987003551959738e-03
-1.810987003551959738e-03
3.859378787350637927e-03
3.859378787350637927e-03
-1.428674312504360500e-04
-1.428674312504360500e-04
-5.359271269245749481e-03
-5.359271269245749481e-03
-9.538315882941857549e-04
-9.538315882941857549e-04
2.633115712328055916e-04
2.633115712328055916e-04
-7.852221308633749574e-04
-7.852221308633749574e-04
-2.319073207312599433e-03
-2.319073207312599433e-03
-2.110594151683570577e-03
-2.110594151683570577e-03
1.705833356581737577e-03
1.705833356581737577e-03
1.421324773230859401e-03
1.421324773230859401e-03
-1.050470156652964435e-03
-1.050470156652964435e-03
-8.639111006064760338e-04
-8.639111006064760338e-04
-7.398679520642021702e-04
-7.398679520642021702e-04
7.860736830912126976e-04
7.860736830912126976e-04
-4.136745665854341114e-04
-4.136745665854341114e-04
-1.379065569081317725e-03
-1.379065569081317725e-03
6.301102985860573781e-04
6.301102985860573781e-04
-2.670283364948767679e-03
-2.670283364948767679e-03
-2.712375224955689652e-04
-2.712375224955689652e-04
-2.567895739756071664e-03
-2.567895739756071664e-03
-3.830567101056879011e-03
-3.830567101056879011e-03
-2.711906889473398078e-04
-2.711906889473398078e-04
-3.214611963092400999e-03
-3.214611963092400999e-03
-2.185998696182285192e-03
-2.185998696182285192e-03
-2.793166862661005268e-04
-2.793166862661005268e-04
-3.040636212797005050e-03
-3.040636212797005050e-03
-3.780518470904568776e-04
-3.780518470904568776e-04
-5.135352283068732662e-03
-5.135352283068732662e-03
-8.295347936383711028e-04
-8.295347936383711028e-04
-1.296113036747492632e-04
-1.296113036747492632e-04
-4.653921102190163549e-03
-4.653921102190163549e-03
8.569445891307430827e-03
8.569445891307430827e-03
5.629069074570957482e-04
5.629069074570957482e-04
1.590576482681476831e-03
1.590576482681476831e-03
4.445463145033194848e-03
4.445463145033194848e-03
6.119928329089395231e-04
6.119928329089395231e-04
-6.083056002183393103e-03
-6.083056002183393103e-03
1.383566032710887087e-03
1.383566032710887087e-03
1.415884739962561993e-04
1.415884739962561993e-04
-6.255195333285387856e-03
-6.255195333285387856e-03
-2.125885414986642373e-03
-2.125885414986642373e-03
-9.088426983056958029e-04
-9.088426983056958029e-04
5.835022200157747620e-04
5.835022200157747620e-04
-1.330123888612627170e-03
-1.330123888612627170e-03
-5.720153424354562297e-04
-5.720153424354562297e-04
3.843007663199123286e-04
3.843007663199123286e-04
-2.996081673718968899e-03
-2.996081673718968899e-03
2.413021205348148102e-04
2.413021205348148102e-04
-3.257124331353250957e-03
-3.257124331353250957e-03
1.767887041394081734e-04
1.767887041394081734e-04
6.766950347074683972e-04
6.766950347074683972e-04
-1.936130893422459160e-03
-1.936130893422459160e-03
2.069811629903196891e-04
2.069811629903196891e-04
-7.318130025815226640e-03
-7.318130025815226640e-03
-8.055869380163152918e-04
-8.055869380163152918e-04
2.450506828574596169e-04
2.450506828574596169e-04
5.989266511085593152e-03
5.989266511085593152e-03
1.070888824768341605e-03
1.070888824768341605e-03
-3.198870420360539271e-04
-3.198870420360539271e-04
-2.160370596649195760e-04
-2.160370596649195760e-04
2.929242044487662990e-03
2.929242044487662990e-03
1.301378101928995579e-03
1.301378101928995579e-03
2.261933361747169100e-04
2.261933361747169100e-04
-3.779809782190432076e-03
-3.779809782190432076e-03
1.652194300765134427e-03
1.652194300765134427e-03
4.589365766763222666e-04
4.589365766763222666e-04
2.393462246469086740e-03
2.393462246469086740e-03
7.937718087960260026e-04
7.937718087960260026e-04
2.146943032645970677e-03
2.146943032645970677e-03
2.437978259683653420e-03
2.437978259683653420e-03
5.857123082485982558e-04
5.857123082485982558e-04
-7.318811267417553099e-04
-7.318811267417553099e-04
1.402738033649402220e-04
1.402738033649402220e-04
1.514036390527893244e-04
1.514036390527893244e-04
2.194182131481931929e-04
2.194182131481931929e-04
-3.953426887188520901e-03
-3.953426887188520901e-03
-1.609822151354047687e-03
-1.609822151354047687e-03
-3.282500234162043749e-03
-3.282500234162043749e-03
-1.626418137389421046e-04
-1.626418137389421046e-04
-1.598538683938425901e-03
-1.598538683938425901e-03
1.369160043183761705e-04
1.369160043183761705e-04
-3.473495430308683272e-03
-3.473495430308683272e-03
-5.012993443583975634e-04
-5.012993443583975634e-04
5.029956013000646056e-03
5.029956013000646056e-03
2.378788408757536235e-03
2.378788408757536235e-03
9.555238164536568584e-04
9.555238164536568584e-04
-2.650701894967817836e-03
-2.650701894967817836e-03
3.693361866364632852e-03
3.693361866364632852e-03
6.638973866769416927e-03
6.638973866769416927e-03
1.104839102112862691e-03
1.104839102112862691e-03
1.703030893883644259e-04
1.703030893883644259e-04
3.831804327335743866e-03
3.831804327335743866e-03
1.611924647972777904e-03
1.611924647972777904e-03
1.558795530350798786e-04
1.558795530350798786e-04
-7.291138642884183781e-04
-7.291138642884183781e-04
-2.486864534579622844e-04
-2.486864534579622844e-04
2.424392151839242608e-03
2.424392151839242608e-03
5.870596423685681868e-04
5.870596423685681868e-04
-9.843644060548925601e-04
-9.843644060548925601e-04
-2.829238892141261344e-04
-2.829238892141261344e-04
-1.289721410303787657e-03
-1.289721410303787657e-03
2.315208082756088463e-03
2.315208082756088463e-03
-2.067668546363242942e-04
-2.067668546363242942e-04
-6.359455364925971571e-04
-6.359455364925971571e-04
-4.470804000729804335e-03
-4.470804000729804335e-03
-2.694517570678029578e-03
-2.694517570678029578e-03
1.847923730909309219e-03
1.847923730909309219e-03
-2.827509577717530901e-04
-2.827509577717530901e-04
-6.010010962730558126e-04
-6.010010962730558126e-04
2.349933332483746060e-03
2.349933332483746060e-03
-6.468518141492556528e-04
-6.468518141492556528e-04
-2.714461688904738421e-03
-2.714461688904738421e-03
7.069796029704479264e-04
7.069796029704479264e-04
1.040221718259159371e-04
1.040221718259159371e-04
-2.290574274643971710e-03
-2.290574274643971710e-03
3.851198474587109316e-03
3.851198474587109316e-03
-1.821363336068167757e-03
-1.821363336068167757e-03
-5.492291899204082561e-03
-5.492291899204082561e-03
-1.204460414616297104e-03
-1.204460414616297104e-03
1.114402571586461607e-04
1.114402571586461607e-04
-4.474503652934204651e-04
-4.474503652934204651e-04
1.023292203055241106e-03
1.023292203055241106e-03
6.264134759447681153e-03
6.264134759447681153e-03
8.102194173830799644e-04
8.102194173830799644e-04
-3.579033292948788185e-03
-3.579033292948788185e-03
-5.292647731799856106e-03
-5.292647731799856106e-03
-2.416471171160833233e-04
-2.416471171160833233e-04
-4.146035266834820795e-04
-4.146035266834820795e-04
1.200818692855458534e-03
1.200818692855458534e-03
1.941552590299494866e-03
1.941552590299494866e-03
-3.152450380414048570e-03
-3.152450380414048570e-03
3.015176726561114820e-04
3.015176726561114820e-04
5.084132257718711710e-03
5.084132257718711710e-03
-1.601127837484479267e-03
-1.601127837484479267e-03
2.948839622617094574e-04
2.948839622617094574e-04
6.312603335289074247e-03
6.312603335289074247e-03
-3.380814790539480447e-03
-3.380814790539480447e-03
1.138981586970970374e-03
1.138981586970970374e-03
2.398274017563312936e-03
2.398274017563312936e-03
-6.385406170224534710e-04
-6.385406170224534710e-04
1.032525602674973578e-03
1.032525602674973578e-03
2.285981558189837965e-03
2.285981558189837965e-03
-5.801052657695071266e-04
-5.801052657695071266e-04
1.551620456857949557e-03
1.551620456857949557e-03
-2.500743299055325792e-03
-2.500743299055325792e-03
3.714790737481202341e-03
3.714790737481202341e-03
9.197932203285994618e-04
9.197932203285994618e-04
4.251322126241980281e-04
4.251322126241980281e-04
6.275028263349514707e-04
6.275028263349514707e-04
-3.521606826571162252e-03
-3.521606826571162252e-03
4.027287916833080864e-03
4.027287916833080864e-03
1.532729248164218811e-04
1.532729248164218811e-04
5.429613737317739433e-04
5.429613737317739433e-04
6.623756228951257867e-03
6.623756228951257867e-03
4.263158062787076284e-03
4.263158062787076284e-03
-4.886528014009874649e-04
-4.886528014009874649e-04
-2.342653337774894956e-03
-2.342653337774894956e-03
1.752297625375417620e-04
1.752297625375417620e-04
1.077664244178541631e-03
1.077664244178541631e-03
1.221826556931286971e-03
1.221826556931286971e-03
-1.415455286909768763e-04
-1.415455286909768763e-04
6.070571723949686957e-03
6.070571723949686957e-03
-3.477875328863910560e-04
-3.477875328863910560e-04
-1.189704610418614614e-04
-1.189704610418614614e-04
-1.633323264758736963e-03
-1.633323264758736963e-03
2.460994361824051391e-04
2.460994361824051391e-04
-2.959669643926935052e-03
-2.959669643926935052e-03
6.640150605332357635e-04
6.640150605332357635e-04
-1.449821061818357950e-03
-1.449821061818357950e-03
4.603257010917669251e-04
4.603257010917669251e-04
2.780906636021057525e-03
2.780906636021057525e-03
-1.694608670906283879e-03
-1.694608670906283879e-03
2.927915823830945855e-04
2.927915823830945855e-04
2.442873815114410783e-04
2.442873815114410783e-04
-4.222572914008378055e-04
-4.222572914008378055e-04
-1.150659217001665039e-04
-1.150659217001665039e-04
5.756633930414056279e-03
5.756633930414056279e-03
5.795477032879941658e-04
5.795477032879941658e-04
-3.438534873223918881e-04
-3.438534873223918881e-04
1.230103269430339119e-03
1.230103269430339119e-03
-1.037083321739001656e-04
-1.037083321739001656e-04
4.771331949346947592e-03
4.771331949346947592e-03
-6.189282580199551541e-04
-6.189282580199551541e-04
-2.432852640752931395e-04
-2.432852640752931395e-04
-4.558718637840642948e-04
-4.558718637840642948e-04
3.755263315561996459e-04
3.755263315561996459e-04
9.424492353278461632e-03
9.424492353278461632e-03
7.781670394517226693e-04
7.781670394517226693e-04
-1.007022095945485710e-04
-1.007022095945485710e-04
-4.449887441669459496e-04
-4.449887441669459496e-04
-1.148691756920667444e-04
-1.148691756920667444e-04
-1.801437166963144399e-03
-1.801437166963144399e-03
-1.436134007961348963e-03
-1.436134007961348963e-03
2.431608100458839360e-04
2.431608100458839360e-04
-3.654406101436386434e-03
-3.654406101436386434e-03
-1.258144967590810528e-03
-1.258144967590810528e-03
3.260629997690026212e-04
3.260629997690026212e-04
-1.206986730860775715e-03
-1.206986730860775715e-03
1.769179221402539378e-03
1.769179221402539378e-03
1.085146560654639164e-04
1.085146560654639164e-04
-1.368507552160199651e-03
-1.368507552160199651e-03
-3.124791612651051445e-03
-3.124791612651051445e-03
5.658827600479288643e-04
5.658827600479288643e-04
8.333962417320568174e-04
8.333962417320568174e-04
7.424270646139191805e-04
7.424270646139191805e-04
-4.203258985044870514e-04
-4.203258985044870514e-04
4.636302980248664489e-03
4.636302980248664489e-03
1.585686199766933461e-04
1.585686199766933461e-04
1.966972382432759063e-03
1.966972382432759063e-03
3.055597082775516867e-04
3.055597082775516867e-04
-1.301912786373556237e-03
-1.301912786373556237e-03
-4.938959744739967756e-04
-4.938959744739967756e-04
-9.487937021061914038e-04
-9.487937021061914038e-04
-3.125904532438604803e-04
-3.125904532438604803e-04
-3.631201403120737879e-03
-3.631201403120737879e-03
-3.801542962563930674e-04
-3.801542962563930674e-04
5.554420764969719097e-04
5.554420764969719097e-04
-9.972871936318285831e-04
-9.972871936318285831e-04
3.887303249280832027e-03
3.887303249280832027e-03
-1.418230017142155350e-04
-1.418230017142155350e-04
-1.964914741013194549e-04
-1.964914741013194549e-04
-6.998592502487025607e-03
-6.998592502487025607e-03
3.822024124156149483e-04
3.822024124156149483e-04
2.013632728420070201e-04
2.013632728420070201e-04
-6.365616924617783536e-04
-6.365616924617783536e-04
2.217270240234728296e-03
2.217270240234728296e-03
2.047543595076284449e-03
2.047543595076284449e-03
-2.826832723203515346e-04
-2.826832723203515346e-04
1.955822732073798573e-03
1.955822732073798573e-03
-3.690529523019270156e-04
-3.690529523019270156e-04
-2.826145521713957151e-03
-2.826145521713957151e-03
2.541900691896373243e-03
2.541900691896373243e-03
-1.776189885824878631e-04
-1.776189885824878631e-04
-2.021349549911012535e-04
-2.021349549911012535e-04
1.237399950871326693e-03
1.237399950871326693e-03
-4.749873707621438167e-04
-4.749873707621438167e-04
3.113042719263722259e-03
3.113042719263722259e-03
-1.340618667420670181e-03
-1.340618667420670181e-03
4.435574950708462655e-04
4.435574950708462655e-04
-2.199608975048564924e-03
-2.199608975048564924e-03
1.152332743695629708e-04
1.152332743695629708e-04
4.475027211564189256e-03
4.475027211564189256e-03
6.199732956580157649e-04
6.199732956580157649e-04
3.120860305580850811e-04
3.120860305580850811e-04
-1.411608715286471940e-03
-1.411608715286471940e-03
-7.793479291681696015e-04
-7.793479291681696015e-04
-4.709104060977536803e-04
-4.709104060977536803e-04
7.706165377318193680e-04
7.706165377318193680e-04
3.466720175673366545e-04
3.466720175673366545e-04
6.751375594340872956e-04
6.751375594340872956e-04
-5.664011626998843949e-04
-5.664011626998843949e-04
-1.838849979838925097e-03
-1.838849979838925097e-03
1.771506215933345155e-03
1.771506215933345155e-03
-2.574586538788622026e-04
-2.574586538788622026e-04
-3.664026093287918971e-03
-3.664026093287918971e-03
4.110593548577051032e-03
4.110593548577051032e-03
-2.392343066975095183e-04
-2.392343066975095183e-04
5.193286204308059269e-03
5.193286204308059269e-03
-6.315637114245806205e-04
-6.315637114245806205e-04
1.519907939839143008e-04
1.519907939839143008e-04
-2.259842147483935408e-03
-2.259842147483935408e-03
-1.127869481714094705e-04
-1.127869481714094705e-04
