520093727
520093751
520093757
520093787
520093851
520093975
520093981
520094231
520094237
520094735
520095771
520101911
520101917
520101918
520110095
520126491
520159255
520159261
520159262
520224795
520355863
520355869
520617999
522190871
524288023
524288029
528482331
922746911
1023410207
1526726687
2600468511
4680843295
4781506591
8975810591
9076473887
17431527455
34812723231
137824829471
137925492767
137942269983
275129565215
550208798751
1099897503775
1099998167071
1100014944287
2199476240415
4398432387103
4398533050399
8796344680479
35184757964831
70369130053663
70369230716959
140737941340191
788529199
4546625583
17565745199
17666408495
17683185711
69172461615
137690611759
275263782959
275364446255
1099763286063
4398298169391
8796478898223
8796579561519
17592639029295
35184623747119
70368995835951
922746935
1023410231
1526726711
2600468535
4680843319
4781506615
4798283831
8975810615
9076473911
9093251127
17431527479
34812723255
137824829495
137925492791
275129565239
550208798775
1099897503799
1099998167095
2199476240439
4398432387127
4398533050423
4398549827639
8796344680503
35184757964855
35184858628151
70369130053687
70369230716983
140737941340215
989855803
1459617851
1560281147
1577058363
2533359675
2634022971
2650800187
4747952187
34745614395
34846277691
34863054907
68971135035
137891938363
550141689915
550242353211
1099964612667
2199409131579
2199509794875
2199526572091
4398499495995
17592437702715
35184825073723
70369197162555
140737874231355
140737974894651
140737991671867
922746941
1023410237
1526726717
2600468541
4680843325
4781506621
4798283837
8975810621
9076473917
9093251133
17431527485
34812723261
137824829501
137925492797
137942270013
275129565245
550208798781
1099897503805
1099998167101
1100014944317
2199476240445
4398432387133
4398533050429
4398549827645
8796344680509
35184757964861
35184858628157
70369130053693
70369230716989
70369247494205
140737941340221
1040187454
4798283838
8975810622
9076473918
9093251134
17431527486
137942270014
1099897503806
1100014944318
2199476240446
4398549827646
8796344680510
35184757964862
70369247494206
140737941340222
1325400143
2399141967
17632854095
34611396687
69105352783
69206016079
275330891855
550007472207
2199274913871
8796546007119
17592571920463
17592672583759
140737740013647
989855831
1459617879
1560281175
2533359703
2634022999
4747952215
9042919511
34745614423
34846277719
34863054935
68971135063
137891938391
550141689943
550242353239
1099964612695
2199409131607
2199509794903
2199526572119
4398499496023
17592437702743
35184825073751
70369197162583
140737874231383
140737974894679
922746971
1023410267
1526726747
2600468571
4680843355
4781506651
8975810651
9076473947
17431527515
34812723291
137824829531
137925492827
275129565275
550208798811
1099897503835
1099998167131
2199476240475
4398432387163
4398533050459
8796344680539
35184757964891
35184858628187
70369130053723
70369230717019
140737941340251
989855837
1459617885
1560281181
1577058397
2533359709
2634023005
2650800221
4747952221
9042919517
34745614429
34846277725
34863054941
68971135069
137891938397
550141689949
550242353245
1099964612701
2199409131613
2199509794909
2199526572125
4398499496029
17592437702749
35184825073757
70369197162589
140737874231389
140737974894685
140737991671901
989855838
1560281182
1577058398
2533359710
2634023006
2650800222
34846277726
34863054942
68971135070
137891938398
1099964612702
2199409131614
2199509794910
2199526572126
17592437702750
35184825073758
70369197162590
140737874231390
140737974894686
140737991671902
1325400207
2399142031
17632854159
34611396751
69105352847
69206016143
275330891919
550007472271
2199274913935
8796546007183
17592571920527
17592672583823
140737740013711
989855895
1459617943
1560281239
1577058455
2533359767
2634023063
2650800279
4747952279
9042919575
34745614487
34846277783
34863054999
68971135127
137891938455
550141690007
550242353303
1099964612759
2199409131671
2199509794967
2199526572183
4398499496087
17592437702807
35184825073815
70369197162647
140737874231447
140737974894743
922747035
1023410331
1526726811
2600468635
4680843419
4781506715
4798283931
8975810715
9076474011
9093251227
17431527579
34812723355
137824829595
137925492891
275129565339
550208798875
1099897503899
1099998167195
2199476240539
4398432387227
4398533050523
4398549827739
8796344680603
35184757964955
35184858628251
70369130053787
70369230717083
140737941340315
989855901
1459617949
1560281245
1577058461
2533359773
2634023069
2650800285
4747952285
34745614493
34846277789
34863055005
68971135133
137891938461
550141690013
550242353309
1099964612765
2199409131677
2199509794973
2199526572189
4398499496093
17592437702813
35184825073821
70369197162653
140737874231453
140737974894749
140737991671965
989855902
1560281246
1577058462
2533359774
2634023070
2650800286
34846277790
34863055006
68971135134
137891938462
1099964612766
2199409131678
2199509794974
2199526572190
17592437702814
35184825073822
70369197162654
140737874231454
140737991671966
788529423
4546625807
8841593103
17565745423
17666408719
17683185935
69172461839
137690611983
275263783183
275364446479
1099763286287
4398298169615
8796478898447
8796579561743
17592639029519
35184623747343
70368995836175
922747159
1023410455
1526726935
2600468759
4680843543
4781506839
8975810839
9076474135
9093251351
17431527703
34812723479
137824829719
137925493015
275129565463
550208798999
1099897504023
1099998167319
2199476240663
4398432387351
4398533050647
8796344680727
35184757965079
35184858628375
70369130053911
70369230717207
140737941340439
989856027
1459618075
1560281371
2533359899
2634023195
4747952411
9042919707
34745614619
34846277915
68971135259
137891938587
550141690139
550242353435
1099964612891
2199409131803
2199509795099
4398499496219
17592437702939
35184825073947
70369197162779
140737874231579
140737974894875
922747165
1023410461
1526726941
2600468765
4680843549
4781506845
4798284061
8975810845
9076474141
9093251357
17431527709
34812723485
137824829725
137925493021
137942270237
275129565469
550208799005
1099897504029
1099998167325
1100014944541
2199476240669
4398432387357
4398533050653
4398549827869
8796344680733
35184757965085
35184858628381
70369130053917
70369230717213
140737941340445
922747166
1023410462
1040187678
2600468766
4781506846
4798284062
8975810846
9076474142
9093251358
137942270238
275129565470
1099897504030
1100014944542
2199476240670
4398549827870
8796344680734
35184757965086
70369247494430
140737941340446
4546626063
8841593359
17565745679
17666408975
17683186191
69172462095
137690612239
275263783439
275364446735
1099763286543
4398298169871
8796478898703
8796579561999
8796596339215
17592639029775
35184623747599
70368995836431
922747415
1023410711
1040187927
1526727191
2600469015
4680843799
4781507095
4798284311
8975811095
9076474391
9093251607
17431527959
34812723735
137824829975
137925493271
275129565719
550208799255
1099897504279
1099998167575
1100014944791
2199476240919
4398432387607
4398533050903
4398549828119
8796344680983
35184757965335
35184858628631
35184875405847
70369130054167
70369230717463
70369247494679
140737941340695
1459618331
1560281627
2533360155
4747952667
9042919963
34745614875
68971135515
137891938843
550141690395
550242353691
1099964613147
2199409132059
2199509795355
4398499496475
17592437703195
35184825074203
70369197163035
140737874231835
140737974895131
140737991672347
922747421
1023410717
1040187933
1526727197
2600469021
4680843805
4781507101
4798284317
8975811101
9076474397
9093251613
17431527965
34812723741
137824829981
137925493277
275129565725
550208799261
1099897504285
1099998167581
2199476240925
4398432387613
4398533050909
4398549828125
8796344680989
35184757965341
35184858628637
70369130054173
70369230717469
70369247494685
140737941340701
922747422
1023410718
1040187934
2600469022
4680843806
4781507102
4798284318
8975811102
9076474398
9093251614
34812723742
137942270494
275129565726
1099897504286
1099998167582
1100014944798
2199476240926
4398432387614
4398533050910
4398549828126
8796344680990
35184757965342
35184858628638
70369230717470
70369247494686
140737941340702
922747919
1023411215
1040188431
1526727695
2600469519
4680844303
4781507599
8975811599
9076474895
17431528463
34812724239
137824830479
137925493775
137942270991
550208799759
1099897504783
1099998168079
1100014945295
2199476241423
4398432388111
4398533051407
35184757965839
35184858629135
70369130054671
70369230717967
70369247495183
140737941341199
788530199
4546626583
8841593879
17565746199
17666409495
17683186711
69172462615
137690612759
275263783959
275364447255
1099763287063
4398298170391
8796478899223
8796579562519
8796596339735
17592639030295
35184623748119
70368995836951
1325401115
2399142939
17632855067
34611397659
69105353755
69206017051
275330892827
550007473179
2199274914843
8796546008091
17592571921435
17592672584731
17592689361947
140737740014619
788530205
4546626589
8841593885
17565746205
17666409501
17683186717
69172462621
137690612765
275263783965
275364447261
1099763287069
4398298170397
8796478899229
8796579562525
17592639030301
35184623748125
70368995836957
788530206
4546626590
8841593886
17565746206
17666409502
17683186718
69172462622
137690612766
275263783966
1099763287070
4398298170398
8796478899230
8796579562526
17592639030302
35184623748126
70368995836958
1325402127
2399143951
17632856079
34611398671
69105354767
69206018063
275330893839
550007474191
2199274915855
8796546009103
17592571922447
17592672585743
17592689362959
140737740015631
989857815
1459619863
1560283159
2533361687
2634024983
4747954199
9042921495
34745616407
34846279703
68971137047
137891940375
550141691927
550242355223
1099964614679
2199409133591
2199509796887
4398499498007
17592437704727
35184825075735
70369197164567
140737874233367
140737974896663
922748955
1023412251
1526728731
2600470555
4680845339
4781508635
8975812635
9076475931
9093253147
17431529499
34812725275
137824831515
137925494811
275129567259
550208800795
1099897505819
1099998169115
1100014946331
2199476242459
4398432389147
4398533052443
8796344682523
35184757966875
35184858630171
70369130055707
70369230719003
70369247496219
140737941342235
989857821
1459619869
1560283165
1577060381
2533361693
2634024989
2650802205
4747954205
34745616413
34846279709
34863056925
68971137053
137891940381
550141691933
550242355229
1099964614685
2199409133597
2199509796893
2199526574109
4398499498013
17592437704733
35184825075741
70369197164573
140737874233373
140737974896669
140737991673885
989857822
1459619870
1560283166
1577060382
2533361694
2634024990
2650802206
34846279710
34863056926
68971137054
137891940382
1099964614686
2199409133598
2199509796894
2199526574110
17592437704734
35184825075742
70369197164574
140737874233374
140737974896670
140737991673886
989859855
1459621903
1560285199
1577062415
2533363727
2634027023
2650804239
4747956239
9042923535
34745618447
34846281743
34863058959
68971139087
137891942415
550141693967
550242357263
1099964616719
2199409135631
2199509798927
2199526576143
4398499500047
17592437706767
35184825077775
70369197166607
140737874235407
140737974898703
140737991675919
1325404183
2399146007
17632858135
34611400727
69105356823
69206020119
275330895895
550007476247
2199274917911
8796546011159
17592571924503
17592672587799
140737740017687
788533275
4546629659
8841596955
17565749275
17666412571
17683189787
69172465691
137690615835
275263787035
275364450331
1099763290139
4398298173467
8796478902299
8796579565595
17592639033371
35184623751195
70368995840027
1325404189
2399146013
17632858141
34611400733
69105356829
69206020125
275330895901
550007476253
2199274917917
8796546011165
17592571924509
17592672587805
140737740017693
788537359
4546633743
8841601039
17565753359
17666416655
17683193871
69172469775
137690619919
275263791119
275364454415
1099763294223
4398298177551
8796478906383
8796579569679
17592639037455
35184623755279
70368995844111
922755095
1023418391
1526734871
2600476695
4680851479
4781514775
8975818775
9076482071
17431535639
34812731415
137824837655
137925500951
275129573399
550208806935
1099897511959
1099998175255
2199476248599
4398432395287
4398533058583
8796344688663
35184757973015
35184858636311
70369130061847
70369230725143
140737941348375
989863963
1459626011
1560289307
1577066523
2533367835
2634031131
2650808347
4747960347
9042927643
34745622555
34846285851
34863063067
68971143195
137891946523
550141698075
550242361371
1099964620827
2199409139739
2199509803035
2199526580251
4398499504155
17592437710875
35184825081883
70369197170715
140737874239515
140737974902811
140737991680027
922755101
1023418397
1526734877
2600476701
4680851485
4781514781
8975818781
9076482077
17431535645
34812731421
137824837661
137925500957
275129573405
550208806941
1099897511965
1099998175261
1100014952477
2199476248605
4398432395293
4398533058589
4398549835805
8796344688669
35184757973021
35184858636317
70369130061853
70369230725149
140737941348381
1023418398
1040195614
4781514782
4798291998
9093259294
17431535646
137942278174
1099998175262
1100014952478
4398533058590
4398549835806
8796344688670
35184757973022
140737941348382
922763279
1023426575
1526743055
2600484879
4680859663
4781522959
4798300175
8975826959
9076490255
9093267471
34812739599
137824845839
137925509135
275129581583
550208815119
1099897520143
1099998183439
2199476256783
4398432403471
4398533066767
4398549843983
8796344696847
35184757981199
35184858644495
70369130070031
70369230733327
70369247510543
140737941356559
788545559
4546641943
8841609239
17565761559
17666424855
17683202071
69172477975
137690628119
275263799319
275364462615
1099763302423
4398298185751
8796478914583
8796579577879
17592639045655
35184623763479
70368995852311
1325416475
2399158299
17632870427
34611413019
69105369115
69206032411
275330908187
550007488539
2199274930203
8796546023451
17592571936795
17592672600091
140737740029979
788545565
4546641949
8841609245
17565761565
17666424861
69172477981
137690628125
275263799325
275364462621
1099763302429
4398298185757
8796478914589
8796579577885
17592639045661
35184623763485
70368995852317
1325432847
2399174671
17632886799
34611429391
69105385487
69206048783
275330924559
550007504911
2199274946575
17592571953167
17592672616463
989888535
1459650583
1560313879
2533392407
2634055703
4747984919
9042952215
34745647127
34846310423
68971167767
137891971095
550141722647
550242385943
1099964645399
2199509827607
4398499528727
17592437735447
35184825106455
70369197195287
140737874264087
140737974927383
922779675
1023442971
1526759451
2600501275
4680876059
4781539355
8975843355
9076506651
17431560219
34812755995
137824862235
137925525531
275129597979
550208831515
1099897536539
2199476273179
4398432419867
4398533083163
8796344713243
35184757997595
35184858660891
70369130086427
70369230749723
140737941372955
989888541
1459650589
1560313885
2533392413
2634055709
4747984925
9042952221
34745647133
34846310429
68971167773
137891971101
550141722653
550242385949
1099964645405
2199409164317
4398499528733
17592437735453
35184825106461
70369197195293
140737874264093
140737974927389
788594703
4546691087
8841658383
17565810703
17666473999
17683251215
69172527119
137690677263
275263848463
275364511759
1099763351567
4398298234895
8796478963727
8796579627023
17592639094799
35184623812623
70368995901455
922812439
1023475735
1040252951
1526792215
2600534039
4680908823
4781572119
4798349335
8975876119
9076539415
9093316631
17431592983
34812788759
137824894999
137925558295
275129630743
550208864279
1099897569303
1099998232599
2199476305943
4398432452631
4398549893143
8796344746007
35184758030359
35184858693655
70369130119191
70369230782487
70369247559703
140737941405719
989921307
1459683355
1560346651
1577123867
2533425179
2634088475
2650865691
4748017691
9042984987
34745679899
34846343195
34863120411
68971200539
137892003867
550141755419
550242418715
1099964678171
2199409197083
2199509860379
2199526637595
4398499561499
17592437768219
35184825139227
70369197228059
140737874296859
140737974960155
140737991737371
922812445
1023475741
1526792221
2600534045
4680908829
4781572125
8975876125
9076539421
9093316637
17431592989
34812788765
137824895005
137925558301
137942335517
275129630749
1099897569309
1099998232605
1100015009821
2199476305949
4398432452637
4398533115933
4398549893149
8796344746013
35184758030365
35184858693661
70369130119197
70369230782493
140737941405725
1023475742
1040252958
4781572126
4798349342
8975876126
9093316638
17431592990
34812788766
137925558302
137942335518
1099998232606
1100015009822
2199476305950
4398533115934
4398549893150
140737941405726
1325531151
2399272975
17632985103
34611527695
69105483791
69206147087
275331022863
550007603215
2199275044879
8796546138127
17592572051471
17592672714767
140737740144655
989986839
1459748887
1560412183
1577189399
2533490711
2634154007
2650931223
4748083223
9043050519
34745745431
34846408727
34863185943
68971266071
137892069399
550242484247
1099964743703
2199409262615
2199509925911
2199526703127
4398499627031
17592437833751
35184825204759
70369197293591
140737874362391
140737975025687
922877979
1023541275
1040318491
1526857755
2600599579
4680974363
4781637659
4798414875
8975941659
9076604955
9093382171
17431658523
34812854299
137824960539
137925623835
275129696283
550208929819
1099897634843
1099998298139
1100015075355
2199476371483
4398432518171
4398533181467
4398549958683
8796344811547
35184758095899
35184858759195
70369130184731
70369230848027
140737941471259
989986845
1459748893
1560412189
1577189405
2533490717
2634154013
2650931229
4748083229
9043050525
34745745437
34846408733
34863185949
68971266077
137892069405
550141820957
1099964743709
2199409262621
2199509925917
2199526703133
4398499627037
17592437833757
70369197293597
140737874362397
140737975025693
989986846
1459748894
1560412190
1577189406
2533490718
2634154014
2650931230
34846408734
34863185950
68971266078
137892069406
1099964743710
2199409262622
2199509925918
2199526703134
17592437833758
35184825204766
70369197293598
140737874362398
140737975025694
140737991802910
788791311
4546887695
8841854991
17566007311
17666670607
17683447823
69172723727
137690873871
275264045071
275364708367
1099763548175
4398298431503
8796479160335
8796579823631
17592639291407
35184624009231
70368996098063
923009047
1023672343
1526988823
2600730647
4681105431
4781768727
8976072727
9076736023
9093513239
17431789591
34812985367
137825091607
137925754903
275129827351
550209060887
1099897765911
1099998429207
2199476502551
4398432649239
4398533312535
8796344942615
35184758226967
35184858890263
70369130315799
70369230979095
140737941602327
990117915
1459879963
1560543259
2533621787
2634285083
4748214299
9043181595
34745876507
34846539803
68971397147
137892200475
550141952027
550242615323
1099964874779
2199409393691
2199510056987
4398499758107
17592437964827
35184825335835
70369197424667
140737874493467
140737975156763
923009053
1023672349
1526988829
2600730653
4681105437
4781768733
8976072733
9076736029
9093513245
17431789597
34812985373
137825091613
137925754909
137942532125
275129827357
550209060893
1099998429213
1100015206429
2199476502557
4398432649245
4398533312541
4398550089757
8796344942621
35184758226973
70369130315805
70369230979101
140737941602333
923009054
1023672350
1040449566
2600730654
4781768734
4798545950
8976072734
9076736030
9093513246
137925754910
137942532126
275129827358
1099897765918
1099998429214
1100015206430
2199476502558
4398533312542
4398550089758
8796344942622
35184758226974
70369247756318
140737941602334
923271183
1023934479
1040711695
1527250959
2600992783
4681367567
4782030863
4798808079
8976334863
9076998159
9093775375
34813247503
137825353743
137926017039
137942794255
275130089487
550209323023
1099898028047
1099998691343
2199476764687
4398432911375
4398533574671
4398550351887
8796345204751
35184758489103
35184859152399
70369130577935
70369231241231
70369248018447
140737941864463
789053463
4547149847
8842117143
17566269463
17666932759
17683709975
69172985879
137691136023
275264307223
275364970519
1099763810327
4398298693655
8796479422487
8796580085783
17592639553559
35184624271383
70368996360215
1325924379
2399666203
17633378331
34611920923
69105877019
69206540315
275331416091
2199275438107
8796546531355
17592572444699
17592673107995
140737740537883
789053469
4547149853
8842117149
17566269469
17666932765
17683709981
69172985885
137691136029
275264307229
275364970525
1099763810333
4398298693661
8796479422493
8796580085789
8796596863005
17592639553565
35184624271389
70368996360221
8842117150
17566269470
8796580085790
990904335
1460666383
1561329679
1578106895
2534408207
2635071503
2651848719
4749000719
9043968015
34746662927
34847326223
34864103439
68972183567
137892986895
550142738447
550243401743
1099965661199
2199410180111
2199510843407
2199527620623
4398500544527
17592438751247
35184826122255
70369198211087
140737875279887
140737975943183
140737992720399
1326448663
2400190487
17633902615
34612445207
69106401303
69207064599
275331940375
550008520727
2199275962391
8796547055639
17592572968983
17592673632279
140737741062167
789577755
4547674139
8842641435
17566793755
17667457051
17684234267
69173510171
137691660315
275264831515
275365494811
1099764334619
4398299217947
8796479946779
8796580610075
17592640077851
35184624795675
70368996884507
1326448669
2400190493
17633902621
34612445213
69106401309
69207064605
275331940381
550008520733
2199275962397
8796547055645
17592572968989
17592673632285
17592690409501
140737741062173
17633902622
34612445214
17592673632286
790626319
4548722703
8843689999
17567842319
17668505615
17685282831
69174558735
137692708879
275265880079
275366543375
1099765383183
4398300266511
8796480995343
8796581658639
17592641126415
35184625844239
70368997933071
924844055
1025507351
1042284567
1528823831
2602565655
4682940439
4783603735
4800380951
8977907735
9078571031
9095348247
17433624599
34814820375
137826926615
137927589911
137944367127
275131662359
550210895895
1099899600919
1100000264215
2199478337559
4398434484247
4398535147543
4398551924759
8796346777623
35184760061975
35184860725271
70369132150807
70369232814103
70369249591319
140737943437335
991952923
1461714971
1562378267
1579155483
2535456795
2636120091
2652897307
4750049307
9045016603
34747711515
34848374811
34865152027
68973232155
137894035483
550143787035
550244450331
1099966709787
2199411228699
2199528669211
4398501593115
17592439799835
35184827170843
70369199259675
140737876328475
140737976991771
140737993768987
924844061
1025507357
1528823837
2602565661
4682940445
4783603741
8977907741
9078571037
9095348253
17433624605
34814820381
137826926621
137927589917
275131662365
550210895901
1099899600925
1100000264221
2199478337565
4398434484253
8796346777629
35184760061981
35184860725277
35184877502493
70369132150813
70369232814109
140737943437341
8977907742
35184860725278
792723471
4550819855
8845787151
17569939471
17670602767
17687379983
69176655887
137694806031
275267977231
275368640527
1099767480335
4398302363663
8796483092495
8796583755791
17592643223567
35184627941391
70369000030223
926941207
1027604503
1530920983
2604662807
4685037591
4785700887
8980004887
9080668183
17435721751
34816917527
137829023767
137929687063
275133759511
550212993047
1099901698071
1100002361367
2199480434711
4398436581399
4398537244695
8796348874775
35184762159127
35184862822423
70369134247959
70369234911255
140737945534487
994050075
1463812123
1564475419
1581252635
2537553947
2638217243
2654994459
4752146459
9047113755
34749808667
34850471963
34867249179
68975329307
137896132635
550145884187
550246547483
1099968806939
2199413325851
2199513989147
2199530766363
4398503690267
17592441896987
35184829267995
70369201356827
140737878425627
140737979088923
140737995866139
926941213
1027604509
1530920989
2604662813
4685037597
4785700893
8980004893
9080668189
9097445405
17435721757
34816917533
137829023773
137929687069
275133759517
550212993053
1099901698077
1100002361373
2199480434717
4398436581405
4398537244701
8796348874781
35184762159133
35184862822429
70369134247965
70369234911261
70369251688477
140737945534493
1027604510
1044381726
4802478110
8980004894
9080668190
9097445406
17435721758
34816917534
275133759518
1099901698078
4398554021918
8796348874782
35184762159134
70369234911262
70369251688478
140737945534494
1333788687
2407530511
17641242639
34619785231
69113741327
69214404623
275339280399
2199283302415
8796554395663
17592580309007
17592680972303
140737748402191
998244375
1468006423
1568669719
1585446935
2541748247
2642411543
2659188759
4756340759
9051308055
34754002967
34854666263
34871443479
68979523607
137900326935
550150078487
550250741783
1099973001239
2199417520151
2199518183447
2199534960663
4398507884567
17592446091287
35184833462295
70369205551127
140737882619927
140737983283223
140738000060439
931135515
1031798811
1048576027
1535115291
2608857115
4689231899
4789895195
4806672411
8984199195
9084862491
9101639707
17439916059
34821111835
137833218075
137933881371
137950658587
275137953819
550217187355
1099905892379
1100006555675
1100023332891
2199484629019
4398440775707
4398541439003
4398558216219
8796353069083
35184766353435
35184867016731
70369138442267
70369239105563
70369255882779
140737949728795
998244381
1468006429
1568669725
1585446941
2541748253
2642411549
4756340765
9051308061
34754002973
34854666269
34871443485
68979523613
137900326941
550150078493
550250741789
1099973001245
2199417520157
2199518183453
2199534960669
4398507884573
17592446091293
35184833462301
70369205551133
140737882619933
140737983283229
140738000060445
998244382
1568669726
1585446942
2642411550
2659188766
9051308062
34854666270
34871443486
68979523614
137900326942
1099973001246
2199534960670
17592446091294
35184833462302
70369205551134
140737882619934
140737983283230
140738000060446
1929379871
520093811
2030043167
520093817
2046820383
520093818
3003121695
520093875
3103784991
520093881
3120562207
520093882
3573547039
520093909
3590324255
520093910
5184159775
520094005
5687476255
520094035
5788139551
520094041
6761218079
520094099
6861881375
520094105
6878658591
520094106
9479127071
520094261
9495904287
520094262
9596567583
520094268
9982443551
520094291
10083106847
520094297
11056185375
520094355
11156848671
520094361
11173625887
520094362
13237223455
520094485
13254000671
520094486
13354663967
520094492
17834180639
520094759
17934843935
520094765
17951621151
520094766
18438160415
520094795
19511902239
520094859
21592277023
520094983
21692940319
520094989
21709717535
520094990
25887244319
520095239
25987907615
520095245
26004684831
520095246
35215376415
520095795
35316039711
520095801
35332816927
520095802
35785801759
520095829
35802578975
520095830
35903242271
520095836
36859543583
520095893
36876320799
520095894
38973472799
520096019
39074136095
520096025
43268440095
520096275
43369103391
520096281
43385880607
520096282
51724156959
520096779
69440897055
520097835
69910659103
520097863
70011322399
520097869
70028099615
520097870
70984400927
520097927
71085064223
520097933
71101841439
520097934
73198993439
520098059
77493960735
520098315
86218113055
520098835
86318776351
520098841
86335553567
520098842
103196655647
520099847
103297318943
520099853
103314096159
520099854
138328145951
520101941
138831462431
520101971
138932125727
520101977
138948902943
520101978
139905204255
520102035
140005867551
520102041
140022644767
520102042
142086242335
520102165
142103019551
520102166
146381209631
520102421
154736263199
520102919
154836926495
520102925
154853703711
520102926
172117458975
520103955
172218122271
520103961
172234899487
520103962
206342979615
520105995
275532218399
520110119
275632881695
520110125
276136198175
520110155
277209939999
520110219
279290314783
520110343
279390978079
520110349
279407755295
520110350
283585282079
520110599
283685945375
520110605
283702722591
520110606
292410097695
520111125
292426874911
520111126
309422194719
520112139
343916150815
520114195
344016814111
520114201
412434300959
520118279
412534964255
520118285
550712115231
520126521
551181877279
520126549
552255619103
520126613
554369548319
520126739
554470211615
520126745
558664515615
520126995
558765178911
520127001
567120232479
520127499
584467873823
520128533
618693394463
520130573
687513534495
520134675
687614197791
520134681
824818270239
520142859
1100400820255
520159285
1100417597471
520159286
1100904136735
520159315
1101004800031
520159321
1101021577247
520159322
1101977878559
520159379
1102078541855
520159385
1102095319071
520159386
1104158916639
520159509
1104175693855
520159510
1108453883935
520159765
1108470661151
520159766
1108571324447
520159772
1116808937503
520160263
1116909600799
520160269
1116926378015
520160270
1134190133279
520161299
1134290796575
520161305
1134307573791
520161306
1168415653919
520163339
1237302902815
520167445
1237319680031
520167446
1374506975263
520175623
1374607638559
520175629
1649586208799
520192019
1649686872095
520192025
2199878893599
520224819
2199979556895
520224825
2199996334111
520224826
2200449318943
520224853
2200566759455
520224860
2201523060767
520224917
2201640501279
520224924
2203636989983
520225043
2203737653279
520225049
2203754430495
520225050
2207931957279
520225299
2208032620575
520225305
2208049397791
520225306
2216387674143
520225803
2233735315487
520226837
2233752092703
520226838
2233852755999
520226844
2267860172831
520228871
2267960836127
520228877
2267977613343
520228878
2336780976159
520232979
2336881639455
520232985
2336898416671
520232986
2474085711903
520241163
2749131391007
520257557
3298853650463
520290323
3298954313759
520290329
3298971090975
520290330
4398935703583
520355893
4398952480799
520355894
4399053144095
520355900
4399439020063
520355923
4399539683359
520355929
4400512761887
520355987
4400613425183
520355993
4400630202399
520355994
4402693799967
520356117
4402811240479
520356124
4406988767263
520356373
4407005544479
520356374
4415343820831
520356871
4415444484127
520356877
4415461261343
520356878
4432725016607
520357907
4432825679903
520357913
4466950537247
520359947
4535837786143
520364053
4535854563359
520364054
4673041858591
520372231
4673142521887
520372237
4673159299103
520372238
4948121092127
520388627
4948221755423
520388633
5497910460447
520421397
5497927237663
520421398
6597489197087
520486937
6597505974303
520486938
8796747333663
520618023
8796847996959
520618029
8796864774175
520618030
8797351313439
520618059
8798425055263
520618123
8800505430047
520618247
8800606093343
520618253
8800622870559
520618254
8804800397343
520618503
8804901060639
520618509
8804917837855
520618510
8813625212959
520619029
8813641990175
520619030
8813742653471
520619036
8830637309983
520620043
8865131266079
520622099
8865231929375
520622105
8933649416223
520626183
8933750079519
520626189
8933766856735
520626190
9071323250719
520634389
9346033385503
520650763
9895722090527
520683527
9895822753823
520683533
10995300827167
520749067
13194256973855
520880135
13194357637151
520880141
13194374414367
520880142
17592907464735
521142315
17593377226783
521142343
17593477890079
521142349
17593494667295
521142350
17594450968607
521142407
17594551631903
521142413
17594568409119
521142414
17596665561119
521142539
17600960528415
521142795
17609684680735
521143315
17609785344031
521143321
17609802121247
521143322
17626663223327
521144327
17626763886623
521144333
17626780663839
521144334
17661257842719
521146389
17729809547295
521150475
17867382718495
521158675
17867483381791
521158681
18142059298847
521175047
18142159962143
521175053
18691882221599
521207819
19791326740511
521273351
19791427403807
521273357
19791444181023
521273358
21990417104927
521404427
26388597833759
521666579
26388698497055
521666585
35185261281311
522190901
35185278058527
522190902
35185764597791
522190931
35185865261087
522190937
35185882038303
522190938
35186838339615
522190995
35186939002911
522191001
35186955780127
522191002
35189019377695
522191125
35189036154911
522191126
35193314344991
522191381
35193331122207
522191382
35201770061855
522191885
35201786839071
522191886
35219050594335
522192915
35219151257631
522192921
35219168034847
522192922
35253276114975
522194955
35322163363871
522199061
35322180141087
522199062
35459367436319
522207239
35459468099615
522207245
35734446669855
522223635
35734547333151
522223641
36284252815391
522256406
37383714111519
522321939
37383814774815
522321945
37383831552031
522321946
39582770921503
522453013
39582787698719
522453014
43980582551583
522715143
43980683214879
522715149
52776742682655
523239435
70369633370143
524288053
70369650147359
524288054
70370136686623
524288083
70370237349919
524288089
70370254127135
524288090
70371210428447
524288147
70371311091743
524288153
70371327868959
524288154
70373391466527
524288277
70377686433823
524288533
70377703211039
524288534
70386041487391
524289031
70386142150687
524289037
70386158927903
524289038
70403422683167
524290067
70403523346463
524290073
70403540123679
524290074
70437648203807
524292107
70506535452703
524296213
70643739525151
524304391
70643840188447
524304397
70918818758687
524320787
70918919421983
524320793
71468608127007
524353557
71468624904223
524353558
72568086200351
524419091
72568186863647
524419097
72568203640863
524419098
74767143010335
524550165
79164954640415
524812295
79165055303711
524812301
79165072080927
524812302
87961114771487
525336587
105553468588063
526385173
105553485365279
526385174
140738343993375
528482355
140738444656671
528482361
140738914418719
528482389
140738931195935
528482390
140739988160543
528482453
140740004937759
528482454
140742102089759
528482579
140742202753055
528482585
140742219530271
528482586
140746397057055
528482835
140746497720351
528482841
140746514497567
528482842
140754852773919
528483339
140772200415263
528484373
140772217192479
528484374
140806325272607
528486407
140806442713119
528486414
140875246075935
528490515
140875346739231
528490521
140875363516447
528490522
141012550811679
528498699
141287596490783
528515093
141837318750239
528547859
141837419413535
528547865
141837436190751
528547866
142936863932447
528613397
142936880709663
528613398
145135853633567
528744467
145135954296863
528744473
145135971074079
528744474
149533765926943
529006603
158329791840287
529530887
158329909280799
529530894
175922179211295
530579475
175922279874591
530579481
175922296651807
530579482
211106551300127
532676627
211106651963423
532676633
