2.080374815000000000e+09
2.080374941000000000e+09
2.080375067000000000e+09
2.080375070000000000e+09
2.080375319000000000e+09
2.080375823000000000e+09
2.080376859000000000e+09
2.080376862000000000e+09
2.080391197000000000e+09
2.080407581000000000e+09
2.080636951000000000e+09
2.080899087000000000e+09
2.084569115000000000e+09
2.084569118000000000e+09
1.053609167900000000e+10
1.899180854300000000e+10
1.919313513500000000e+10
3.590324227100000000e+10
6.972610972700000000e+10
1.392508928310000000e+11
1.394522194230000000e+11
1.101457784863000000e+12
2.200969412639000000e+12
1.759372954831900000e+13
3.518537872182300000e+13
2.814767886500150000e+14
2.814769899766070000e+14
3.154116655000000000e+09
5.838471215000000000e+09
1.040187396700000000e+10
1.060320055900000000e+10
1.912602628700000000e+10
1.393851105750000000e+11
2.758845399510000000e+11
5.512993178070000000e+11
1.101323567151000000e+12
1.101524893743000000e+12
2.200835194927000000e+12
2.201036521519000000e+12
4.399992668207000000e+12
1.407393002947030000e+14
1.407395016212950000e+14
2.814769228677590000e+14
5.629509600543190000e+14
1.125901450346543000e+15
2.251801625624623000e+15
2.251801826951215000e+15
3.690987575000000000e+09
5.301600311000000000e+09
2.764214108710000000e+11
5.507624469030000000e+11
8.798039179319000000e+12
7.037055611704700000e+13
7.037075744363900000e+13
5.629514969252390000e+14
1.125900913475639000e+15
3.959423035000000000e+09
4.160749627000000000e+09
9.596567611000000000e+09
7.066563385100000000e+10
2.766898463310000000e+11
2.768911729230000000e+11
2.200029888571000000e+12
3.518631824594700000e+13
7.037028768159500000e+13
1.407384949883470000e+14
5.629517653606990000e+14
5.629519666872910000e+14
2.251800820318267000e+15
4.093640765000000000e+09
1.818650220500000000e+10
7.053141612500000000e+10
7.073274271700000000e+10
1.384455864930000000e+11
2.768240640610000000e+11
4.399053144125000000e+12
8.797636526141000000e+12
3.518618402822100000e+13
3.518638535481300000e+13
2.814759833436770000e+14
5.629518995784290000e+14
3.959423038000000000e+09
4.160749630000000000e+09
9.596567614000000000e+09
7.066563385400000000e+10
2.766898463340000000e+11
2.768911729260000000e+11
1.100518260798000000e+12
2.200029888574000000e+12
3.518631824595000000e+13
7.037028768159800000e+13
1.407384949883500000e+14
5.629517653607020000e+14
5.629519666872940000e+14
2.251800820318270000e+15
3.690987599000000000e+09
5.301600335000000000e+09
2.764214108950000000e+11
5.507624469270000000e+11
8.798039179343000000e+12
7.037055611707100000e+13
7.037075744366300000e+13
5.629514969252630000e+14
1.125900913475663000e+15
3.154116695000000000e+09
5.838471255000000000e+09
1.040187400700000000e+10
1.060320059900000000e+10
1.912602632700000000e+10
1.393851106150000000e+11
2.758845399910000000e+11
5.512993178470000000e+11
1.101323567191000000e+12
1.101524893783000000e+12
2.200835194967000000e+12
2.201036521559000000e+12
4.399992668247000000e+12
1.407393002947430000e+14
1.407395016213350000e+14
2.814769228677990000e+14
5.629509600543590000e+14
1.125901450346583000e+15
2.251801625624663000e+15
2.251801826951255000e+15
6.106906715000000000e+09
6.308233307000000000e+09
1.013343855500000000e+10
3.630589551500000000e+10
5.515677533070000000e+11
5.517690798990000000e+11
2.200566759515000000e+12
1.759413220156300000e+13
7.036975081071500000e+13
1.407390318592910000e+14
1.125901718782043000e+15
1.125901920108635000e+15
2.251801357189211000e+15
6.241124445000000000e+09
1.872337314900000000e+10
3.617167778900000000e+10
3.637300438100000000e+10
1.389824574370000000e+11
5.517019710370000000e+11
4.399590015069000000e+12
8.797099655261000000e+12
1.759399798383700000e+13
1.759419931042900000e+13
2.814765202146210000e+14
1.125901852999773000e+15
6.106906718000000000e+09
6.308233310000000000e+09
1.013343855800000000e+10
3.630589551800000000e+10
5.515677533100000000e+11
5.517690799020000000e+11
1.101055131742000000e+12
2.200566759518000000e+12
1.759413220156600000e+13
7.036975081071800000e+13
1.407390318592940000e+14
1.125901718782046000e+15
1.125901920108638000e+15
2.251801357189214000e+15
3.959423119000000000e+09
4.160749711000000000e+09
9.596567695000000000e+09
7.066563393500000000e+10
2.766898464150000000e+11
2.768911730070000000e+11
1.100518260879000000e+12
2.200029888655000000e+12
3.518631824603100000e+13
7.037028768167900000e+13
1.407384949884310000e+14
5.629517653607830000e+14
5.629519666873750000e+14
2.251800820318351000e+15
6.106906775000000000e+09
6.308233367000000000e+09
1.013343861500000000e+10
3.630589557500000000e+10
5.515677533670000000e+11
5.517690799590000000e+11
1.101055131799000000e+12
2.200566759575000000e+12
1.759413220162300000e+13
7.036975081077500000e+13
1.407390318593510000e+14
1.125901718782103000e+15
1.125901920108695000e+15
2.251801357189271000e+15
3.154116763000000000e+09
5.838471323000000000e+09
1.040187407500000000e+10
1.060320066700000000e+10
1.912602639500000000e+10
1.393851106830000000e+11
2.758845400590000000e+11
5.512993179150000000e+11
1.101323567259000000e+12
1.101524893851000000e+12
2.200835195035000000e+12
2.201036521627000000e+12
2.814769228678670000e+14
5.629509600544270000e+14
1.125901450346651000e+15
2.251801625624731000e+15
2.251801826951323000e+15
1.053609180500000000e+10
1.899180866900000000e+10
1.919313526100000000e+10
3.590324239700000000e+10
6.972610985300000000e+10
1.392508929570000000e+11
1.394522195490000000e+11
1.101457784989000000e+12
2.200969412765000000e+12
1.759372954844500000e+13
3.518537872194900000e+13
2.814767886501410000e+14
2.814769899767330000e+14
2.251801759842461000e+15
3.154116766000000000e+09
5.838471326000000000e+09
1.040187407800000000e+10
1.060320067000000000e+10
1.912602639800000000e+10
1.393851106860000000e+11
2.758845400620000000e+11
5.512993179180000000e+11
1.101323567262000000e+12
1.101524893854000000e+12
2.200835195038000000e+12
2.201036521630000000e+12
2.814769228678700000e+14
5.629509600544300000e+14
1.125901450346654000e+15
2.251801625624734000e+15
2.251801826951326000e+15
4.093640975000000000e+09
1.818650241500000000e+10
7.053141633500000000e+10
7.073274292700000000e+10
1.384455867030000000e+11
2.768240642710000000e+11
4.399053144335000000e+12
8.797636526351000000e+12
3.518618402843100000e+13
3.518638535502300000e+13
2.814759833438870000e+14
5.629518995786390000e+14
6.241124631000000000e+09
1.872337333500000000e+10
3.617167797500000000e+10
3.637300456700000000e+10
1.389824576230000000e+11
5.517019712230000000e+11
4.399590015255000000e+12
8.797099655447000000e+12
1.759399798402300000e+13
1.759419931061500000e+13
2.814765202148070000e+14
1.125901852999959000e+15
1.053609193100000000e+10
1.899180879500000000e+10
1.919313538700000000e+10
3.590324252300000000e+10
6.972610997900000000e+10
1.392508930830000000e+11
1.394522196750000000e+11
1.101457785115000000e+12
2.200969412891000000e+12
1.759372954857100000e+13
3.518537872207500000e+13
2.814767886502670000e+14
2.814769899768590000e+14
2.251801759842587000e+15
3.154116893000000000e+09
5.838471453000000000e+09
1.040187420500000000e+10
1.060320079700000000e+10
1.912602652500000000e+10
1.393851108130000000e+11
2.758845401890000000e+11
5.512993180450000000e+11
1.101323567389000000e+12
1.101524893981000000e+12
2.200835195165000000e+12
2.201036521757000000e+12
2.814769228679970000e+14
5.629509600545570000e+14
1.125901450346781000e+15
2.251801625624861000e+15
2.251801826951453000e+15
1.053609193400000000e+10
1.899180879800000000e+10
1.919313539000000000e+10
3.590324252600000000e+10
6.972610998200000000e+10
1.394522196780000000e+11
1.101457785118000000e+12
2.200969412894000000e+12
1.759372954857400000e+13
3.518537872207800000e+13
2.814767886502700000e+14
2.814769899768620000e+14
2.251801759842590000e+15
3.536637185500000000e+10
7.026298113500000000e+10
8.797904962063000000e+12
8.798106288655000000e+12
1.759319267790300000e+13
3.518591559323100000e+13
7.037069033524700000e+13
1.053609218300000000e+10
1.899180904700000000e+10
1.919313563900000000e+10
3.590324277500000000e+10
6.972611023100000000e+10
1.392508933350000000e+11
1.394522199270000000e+11
1.101457785367000000e+12
2.200969413143000000e+12
4.399858450967000000e+12
4.400059777559000000e+12
1.759372954882300000e+13
3.518537872232700000e+13
1.407394345129190000e+14
2.814767886505190000e+14
2.814769899771110000e+14
2.251801759842839000e+15
6.241124891000000000e+09
1.872337359500000000e+10
3.617167823500000000e+10
3.637300482700000000e+10
1.389824578830000000e+11
5.517019714830000000e+11
4.399590015515000000e+12
8.797099655707000000e+12
1.759399798428300000e+13
1.759419931087500000e+13
2.814765202150670000e+14
1.125901853000219000e+15
6.106907165000000000e+09
6.308233757000000000e+09
1.013343900500000000e+10
3.630589596500000000e+10
5.515677537570000000e+11
5.517690803490000000e+11
2.200566759965000000e+12
1.759413220201300000e+13
7.036975081116500000e+13
1.407390318597410000e+14
1.125901718782493000e+15
1.125901920109085000e+15
6.241124894000000000e+09
1.872337359800000000e+10
3.617167823800000000e+10
3.637300483000000000e+10
1.389824578860000000e+11
5.517019714860000000e+11
4.399590015518000000e+12
8.797099655710000000e+12
1.759399798428600000e+13
1.759419931087800000e+13
2.814765202150700000e+14
1.125901853000222000e+15
1.053609268700000000e+10
1.899180955100000000e+10
1.919313614300000000e+10
3.590324327900000000e+10
6.972611073500000000e+10
1.392508938390000000e+11
1.394522204310000000e+11
1.101457785871000000e+12
2.200969413647000000e+12
4.399858451471000000e+12
4.400059778063000000e+12
1.759372954932700000e+13
3.518537872283100000e+13
1.407394345134230000e+14
2.814767886510230000e+14
2.814769899776150000e+14
2.251801759843343000e+15
3.536637237500000000e+10
7.026298165500000000e+10
8.797904962583000000e+12
8.798106289175000000e+12
1.759319267842300000e+13
3.518591559375100000e+13
7.037069033576700000e+13
4.093641755000000000e+09
1.818650319500000000e+10
7.053141711500000000e+10
7.073274370700000000e+10
1.384455874830000000e+11
2.768240650510000000e+11
4.399053145115000000e+12
8.797636527131000000e+12
3.518618402921100000e+13
3.518638535580300000e+13
2.814759833446670000e+14
5.629518995794190000e+14
3.959424029000000000e+09
4.160750621000000000e+09
9.596568605000000000e+09
7.066563484500000000e+10
2.766898473250000000e+11
2.768911739170000000e+11
2.200029889565000000e+12
3.518631824694100000e+13
7.037028768258900000e+13
1.407384949893410000e+14
5.629517653616930000e+14
5.629519666882850000e+14
4.093641758000000000e+09
1.818650319800000000e+10
7.053141711800000000e+10
7.073274371000000000e+10
1.384455874860000000e+11
2.768240650540000000e+11
4.399053145118000000e+12
8.797636527134000000e+12
3.518618402921400000e+13
3.518638535580600000e+13
2.814759833446700000e+14
5.629518995794220000e+14
4.093642767000000000e+09
1.818650420700000000e+10
7.053141812700000000e+10
7.073274471900000000e+10
1.384455884950000000e+11
2.768240660630000000e+11
4.399053146127000000e+12
8.797636528143000000e+12
3.518618403022300000e+13
3.518638535681500000e+13
2.814759833456790000e+14
5.629518995804310000e+14
6.241126423000000000e+09
1.872337512700000000e+10
3.617167976700000000e+10
3.637300635900000000e+10
1.389824594150000000e+11
5.517019730150000000e+11
4.399590017047000000e+12
8.797099657239000000e+12
1.759399798581500000e+13
1.759419931240700000e+13
2.814765202165990000e+14
1.125901853001751000e+15
1.053609372300000000e+10
1.899181058700000000e+10
3.590324431500000000e+10
6.972611177100000000e+10
1.392508948750000000e+11
1.394522214670000000e+11
1.101457786907000000e+12
2.200969414683000000e+12
1.759372955036300000e+13
3.518537872386700000e+13
2.814767886520590000e+14
2.814769899786510000e+14
2.251801759844379000e+15
3.154118685000000000e+09
5.838473245000000000e+09
1.040187599700000000e+10
1.060320258900000000e+10
1.912602831700000000e+10
1.393851126050000000e+11
2.758845419810000000e+11
5.512993198370000000e+11
1.101323569181000000e+12
1.101524895773000000e+12
2.200835196957000000e+12
2.201036523549000000e+12
2.814769228697890000e+14
5.629509600563490000e+14
1.125901450348573000e+15
2.251801625626653000e+15
2.251801826953245000e+15
1.053609372600000000e+10
1.899181059000000000e+10
1.919313718200000000e+10
3.590324431800000000e+10
6.972611177400000000e+10
1.392508948780000000e+11
1.394522214700000000e+11
1.101457786910000000e+12
2.200969414686000000e+12
1.759372955036600000e+13
3.518537872387000000e+13
2.814767886520620000e+14
2.814769899786540000e+14
2.251801759844382000e+15
3.154120719000000000e+09
5.838475279000000000e+09
1.040187803100000000e+10
1.060320462300000000e+10
1.912603035100000000e+10
1.393851146390000000e+11
2.758845440150000000e+11
5.512993218710000000e+11
1.101323571215000000e+12
1.101524897807000000e+12
2.200835198991000000e+12
2.201036525583000000e+12
4.399992672271000000e+12
1.407393002987670000e+14
1.407395016253590000e+14
2.814769228718230000e+14
5.629509600583830000e+14
1.125901450350607000e+15
2.251801625628687000e+15
2.251801826955279000e+15
3.690991639000000000e+09
5.301604375000000000e+09
2.764214149350000000e+11
5.507624509670000000e+11
8.798039183383000000e+12
7.037055612111100000e+13
7.037075744770300000e+13
5.629514969293030000e+14
1.125900913479703000e+15
3.959427099000000000e+09
4.160753691000000000e+09
9.596571675000000000e+09
7.066563791500000000e+10
2.766898503950000000e+11
2.768911769870000000e+11
1.100518264859000000e+12
2.200029892635000000e+12
3.518631825001100000e+13
7.037028768565900000e+13
1.407384949924110000e+14
5.629517653647630000e+14
5.629519666913550000e+14
2.251800820322331000e+15
4.093644829000000000e+09
1.818650626900000000e+10
7.053142018900000000e+10
7.073274678100000000e+10
1.384455905570000000e+11
2.768240681250000000e+11
4.399053148189000000e+12
8.797636530205000000e+12
3.518618403228500000e+13
3.518638535887700000e+13
2.814759833477410000e+14
5.629518995824930000e+14
3.959427102000000000e+09
4.160753694000000000e+09
9.596571678000000000e+09
7.066563791800000000e+10
2.766898503980000000e+11
2.768911769900000000e+11
1.100518264862000000e+12
2.200029892638000000e+12
3.518631825001400000e+13
7.037028768566200000e+13
1.407384949924140000e+14
5.629517653647660000e+14
5.629519666913580000e+14
2.251800820322334000e+15
3.690995727000000000e+09
5.301608463000000000e+09
2.764214190230000000e+11
5.507624550550000000e+11
8.798039187471000000e+12
7.037055612519900000e+13
7.037075745179100000e+13
5.629514969333910000e+14
1.125900913483791000e+15
3.154124823000000000e+09
5.838479383000000000e+09
1.040188213500000000e+10
1.060320872700000000e+10
1.912603445500000000e+10
1.393851187430000000e+11
2.758845481190000000e+11
5.512993259750000000e+11
1.101323575319000000e+12
1.101524901911000000e+12
2.200835203095000000e+12
2.201036529687000000e+12
4.399992676375000000e+12
1.407393003028710000e+14
1.407395016294630000e+14
2.814769228759270000e+14
5.629509600624870000e+14
1.125901450354711000e+15
2.251801625632791000e+15
2.251801826959383000e+15
6.106914843000000000e+09
6.308241435000000000e+09
1.013344668300000000e+10
3.630590364300000000e+10
5.515677614350000000e+11
5.517690880270000000e+11
1.101055139867000000e+12
2.200566767643000000e+12
1.759413220969100000e+13
7.036975081884300000e+13
1.407390318674190000e+14
1.125901718790171000e+15
1.125901920116763000e+15
2.251801357197339000e+15
6.241132573000000000e+09
1.872338127700000000e+10
3.617168591700000000e+10
3.637301250900000000e+10
1.389824655650000000e+11
5.517019791650000000e+11
4.399590023197000000e+12
8.797099663389000000e+12
1.759399799196500000e+13
1.759419931855700000e+13
2.814765202227490000e+14
1.125901853007901000e+15
6.106914846000000000e+09
6.308241438000000000e+09
1.013344668600000000e+10
3.630590364600000000e+10
5.515677614380000000e+11
5.517690880300000000e+11
1.101055139870000000e+12
2.200566767646000000e+12
1.759413220969400000e+13
7.036975081884600000e+13
1.407390318674220000e+14
1.125901718790174000e+15
1.125901920116766000e+15
2.251801357197342000e+15
4.160765967000000000e+09
9.596583951000000000e+09
2.766898626710000000e+11
2.768911892630000000e+11
1.100518277135000000e+12
2.200029904911000000e+12
3.518631826228700000e+13
7.037028769793500000e+13
1.407384950046870000e+14
5.629517653770390000e+14
5.629519667036310000e+14
2.251800820334607000e+15
6.308249623000000000e+09
1.013345487100000000e+10
5.515677696230000000e+11
5.517690962150000000e+11
1.101055148055000000e+12
2.200566775831000000e+12
1.759413221787900000e+13
7.036975082703100000e+13
1.407390318756070000e+14
1.125901718798359000e+15
1.125901920124951000e+15
2.251801357205527000e+15
3.154133019000000000e+09
5.838487579000000000e+09
1.040189033100000000e+10
1.060321692300000000e+10
1.912604265100000000e+10
1.393851269390000000e+11
2.758845563150000000e+11
5.512993341710000000e+11
1.101323583515000000e+12
1.101524910107000000e+12
2.200835211291000000e+12
2.201036537883000000e+12
2.814769228841230000e+14
5.629509600706830000e+14
1.125901450362907000e+15
2.251801625640987000e+15
2.251801826967579000e+15
1.053610806100000000e+10
1.899182492500000000e+10
1.919315151700000000e+10
3.590325865300000000e+10
6.972612610900000000e+10
1.392509092130000000e+11
1.394522358050000000e+11
1.101457801245000000e+12
2.200969429021000000e+12
1.759372956470100000e+13
3.518537873820500000e+13
2.814767886663970000e+14
2.251801759858717000e+15
3.154133022000000000e+09
5.838487582000000000e+09
1.040189033400000000e+10
1.060321692600000000e+10
1.912604265400000000e+10
1.393851269420000000e+11
2.758845563180000000e+11
5.512993341740000000e+11
1.101323583518000000e+12
1.101524910110000000e+12
2.200835211294000000e+12
2.201036537886000000e+12
2.814769228841260000e+14
5.629509600706860000e+14
1.125901450362910000e+15
2.251801625640990000e+15
2.251801826967582000e+15
3.959455759000000000e+09
4.160782351000000000e+09
9.596600335000000000e+09
7.066566657500000000e+10
2.766898790550000000e+11
2.768912056470000000e+11
1.100518293519000000e+12
2.200029921295000000e+12
3.518631827867100000e+13
7.037028771431900000e+13
1.407384950210710000e+14
5.629517653934230000e+14
5.629519667200150000e+14
2.251800820350991000e+15
6.106939415000000000e+09
6.308266007000000000e+09
1.013347125500000000e+10
3.630592821500000000e+10
5.515677860070000000e+11
5.517691125990000000e+11
1.101055164439000000e+12
2.200566792215000000e+12
1.759413223426300000e+13
7.036975084341500000e+13
1.407390318919910000e+14
1.125901718814743000e+15
1.125901920141335000e+15
2.251801357221911000e+15
3.154149403000000000e+09
5.838503963000000000e+09
1.040190671500000000e+10
1.060323330700000000e+10
1.912605903500000000e+10
1.393851433230000000e+11
2.758845726990000000e+11
5.512993505550000000e+11
1.101323599899000000e+12
1.101524926491000000e+12
2.200835227675000000e+12
2.201036554267000000e+12
2.814769229005070000e+14
5.629509600870670000e+14
1.125901450379291000e+15
2.251801625657371000e+15
2.251801826983963000e+15
1.053612444500000000e+10
1.899184130900000000e+10
1.919316790100000000e+10
3.590327503700000000e+10
6.972614249300000000e+10
1.392509255970000000e+11
1.394522521890000000e+11
1.101457817629000000e+12
2.200969445405000000e+12
1.759372958108500000e+13
3.518537875458900000e+13
2.814767886827810000e+14
2.814769900093730000e+14
2.251801759875101000e+15
3.154149406000000000e+09
5.838503966000000000e+09
1.040190671800000000e+10
1.060323331000000000e+10
1.912605903800000000e+10
1.393851433260000000e+11
2.758845727020000000e+11
5.512993505580000000e+11
1.101323599902000000e+12
1.101524926494000000e+12
2.200835227678000000e+12
2.201036554270000000e+12
2.814769229005100000e+14
5.629509600870700000e+14
1.125901450379294000e+15
2.251801625657374000e+15
2.251801826983966000e+15
4.093706255000000000e+09
1.818656769500000000e+10
7.053148161500000000e+10
7.073280820700000000e+10
1.384456519830000000e+11
2.768241295510000000e+11
4.399053209615000000e+12
8.797636591631000000e+12
3.518618409371100000e+13
3.518638542030300000e+13
2.814759834091670000e+14
5.629518996439190000e+14
6.241189911000000000e+09
1.872343861500000000e+10
3.617174325500000000e+10
3.637306984700000000e+10
1.389825229030000000e+11
5.517020365030000000e+11
4.399590080535000000e+12
8.797099720727000000e+12
1.759399804930300000e+13
1.759419937589500000e+13
2.814765202800870000e+14
1.125901853065239000e+15
3.590330780300000000e+10
6.972617525900000000e+10
4.399858515995000000e+12
4.400059842587000000e+12
1.759372961385100000e+13
3.518537878735500000e+13
1.407394345779470000e+14
3.154182173000000000e+09
5.838536733000000000e+09
2.758846054690000000e+11
5.512993833250000000e+11
4.399992733725000000e+12
1.407393003602210000e+14
1.407395016868130000e+14
5.629509601198370000e+14
1.125901450412061000e+15
3.590330780600000000e+10
6.972617526200000000e+10
4.399858515998000000e+12
4.400059842590000000e+12
1.759372961385400000e+13
3.518537878735800000e+13
1.407394345779500000e+14
6.241255439000000000e+09
1.872350414300000000e+10
3.617180878300000000e+10
3.637313537500000000e+10
1.389825884310000000e+11
5.517021020310000000e+11
4.399590146063000000e+12
8.797099786255000000e+12
1.759399811483100000e+13
1.759419944142300000e+13
2.814765203456150000e+14
1.125901853130767000e+15
4.093771799000000000e+09
1.818663323900000000e+10
7.053154715900000000e+10
7.073287375100000000e+10
1.384457175270000000e+11
2.768241950950000000e+11
4.399053275159000000e+12
8.797636657175000000e+12
3.518618415925500000e+13
3.518638548584700000e+13
2.814759834747110000e+14
5.629518997094630000e+14
3.536650242700000000e+10
7.026311170700000000e+10
8.797905092635000000e+12
8.798106419227000000e+12
1.759319280847500000e+13
3.518591572380300000e+13
7.037069046581900000e+13
3.691118621000000000e+09
5.301731357000000000e+09
2.764215419170000000e+11
5.507625779490000000e+11
8.798039310365000000e+12
7.037055624809300000e+13
7.037075757468500000e+13
5.629514970562850000e+14
1.125900913606685000e+15
3.536650243000000000e+10
7.026311171000000000e+10
8.797905092638000000e+12
8.798106419230000000e+12
1.759319280847800000e+13
3.518591572380600000e+13
7.037069046582200000e+13
3.536663348700000000e+10
7.026324276700000000e+10
8.797905223695000000e+12
8.798106550287000000e+12
1.759319293953500000e+13
3.518591585486300000e+13
7.037069059687900000e+13
1.053635381500000000e+10
1.899207067900000000e+10
1.919339727100000000e+10
3.590350440700000000e+10
6.972637186300000000e+10
1.392511549670000000e+11
1.394524815590000000e+11
1.101458046999000000e+12
2.200969674775000000e+12
4.399858712599000000e+12
4.400060039191000000e+12
1.759372981045500000e+13
3.518537898395900000e+13
1.407394347745510000e+14
2.814767889121510000e+14
2.814769902387430000e+14
2.251801760104471000e+15
6.241386523000000000e+09
1.872363522700000000e+10
3.617193986700000000e+10
3.637326645900000000e+10
1.389827195150000000e+11
5.517022331150000000e+11
4.399590277147000000e+12
8.797099917339000000e+12
1.759399824591500000e+13
1.759419957250700000e+13
2.814765204766990000e+14
1.125901853261851000e+15
6.107168797000000000e+09
6.308495389000000000e+09
1.013370063700000000e+10
3.630615759700000000e+10
5.515680153890000000e+11
5.517693419810000000e+11
1.101055393821000000e+12
2.200567021597000000e+12
1.759413246364500000e+13
7.036975107279700000e+13
1.407390321213730000e+14
1.125901719044125000e+15
1.125901920370717000e+15
2.251801357451293000e+15
6.241386526000000000e+09
1.872363523000000000e+10
3.617193987000000000e+10
3.637326646200000000e+10
1.389827195180000000e+11
5.517022331180000000e+11
4.399590277150000000e+12
8.797099917342000000e+12
1.759399824591800000e+13
1.759419957251000000e+13
2.814765204767020000e+14
1.125901853261854000e+15
1.053661595100000000e+10
1.899233281500000000e+10
1.919365940700000000e+10
3.590376654300000000e+10
6.972663399900000000e+10
1.392514171030000000e+11
1.394527436950000000e+11
1.101458309135000000e+12
2.200969936911000000e+12
4.399858974735000000e+12
4.400060301327000000e+12
1.759373007259100000e+13
3.518537924609500000e+13
1.407394350366870000e+14
2.814767891742870000e+14
2.814769905008790000e+14
2.251801760366607000e+15
3.536689563900000000e+10
7.026350491900000000e+10
8.797905485847000000e+12
8.798106812439000000e+12
1.759319320168700000e+13
3.518591611701500000e+13
7.037069085903100000e+13
4.094165019000000000e+09
1.818702645900000000e+10
7.053194037900000000e+10
7.073326697100000000e+10
1.384461107470000000e+11
2.768245883150000000e+11
4.399053668379000000e+12
8.797637050395000000e+12
3.518618455247500000e+13
3.518638587906700000e+13
2.814759838679310000e+14
5.629519001026830000e+14
3.959947293000000000e+09
4.161273885000000000e+09
9.597091869000000000e+09
7.066615810900000000e+10
2.766903705890000000e+11
2.768916971810000000e+11
1.100518785053000000e+12
2.200030412829000000e+12
3.518631877020500000e+13
7.037028820585300000e+13
1.407384955126050000e+14
5.629517658849570000e+14
5.629519672115490000e+14
2.251800820842525000e+15
4.094165022000000000e+09
1.818702646200000000e+10
7.053194038200000000e+10
7.073326697400000000e+10
1.384461107500000000e+11
2.768245883180000000e+11
4.399053668382000000e+12
8.797637050398000000e+12
3.518618455247800000e+13
3.518638587907000000e+13
2.814759838679340000e+14
5.629519001026860000e+14
6.107955215000000000e+09
6.309281807000000000e+09
1.013448705500000000e+10
3.630694401500000000e+10
5.515688018070000000e+11
5.517701283990000000e+11
1.101056180239000000e+12
2.200567808015000000e+12
1.759413325006300000e+13
7.036975185921500000e+13
1.407390329077910000e+14
1.125901719830543000e+15
1.125901921157135000e+15
2.251801358237711000e+15
3.960471575000000000e+09
4.161798167000000000e+09
9.597616151000000000e+09
7.066668239100000000e+10
2.766908948710000000e+11
2.768922214630000000e+11
1.100519309335000000e+12
2.200030937111000000e+12
3.518631929448700000e+13
7.037028873013500000e+13
1.407384960368870000e+14
5.629517664092390000e+14
5.629519677358310000e+14
2.251800821366807000e+15
3.692036123000000000e+09
5.302648859000000000e+09
2.764224594190000000e+11
5.507634954510000000e+11
8.798040227867000000e+12
7.037055716559500000e+13
7.037075849218700000e+13
5.629514979737870000e+14
1.125900914524187000e+15
3.536741993300000000e+10
7.026402921300000000e+10
8.797906010141000000e+12
8.798107336733000000e+12
1.759319372598100000e+13
3.518591664130900000e+13
7.037069138332500000e+13
3.692036126000000000e+09
5.302648862000000000e+09
2.764224594220000000e+11
5.507634954540000000e+11
8.798040227870000000e+12
7.037055716559800000e+13
7.037075849219000000e+13
5.629514979737900000e+14
1.125900914524190000e+15
3.961520143000000000e+09
4.162846735000000000e+09
9.598664719000000000e+09
7.066773095900000000e+10
2.766919434390000000e+11
2.768932700310000000e+11
1.100520357903000000e+12
2.200031985679000000e+12
3.518632034305500000e+13
7.037028977870300000e+13
1.407384970854550000e+14
5.629517674578070000e+14
5.629519687843990000e+14
2.251800822415375000e+15
6.109003799000000000e+09
6.310330391000000000e+09
1.013553563900000000e+10
3.630799259900000000e+10
5.515698503910000000e+11
5.517711769830000000e+11
1.101057228823000000e+12
2.200568856599000000e+12
1.759413429864700000e+13
7.036975290779900000e+13
1.407390339563750000e+14
1.125901720879127000e+15
1.125901922205719000e+15
2.251801359286295000e+15
3.156213787000000000e+09
5.840568347000000000e+09
2.758866370830000000e+11
5.513014149390000000e+11
4.399994765339000000e+12
1.407393023918350000e+14
1.407395037184270000e+14
5.629509621514510000e+14
1.125901452443675000e+15
3.590533942100000000e+10
6.972820687700000000e+10
4.399860547613000000e+12
4.400061874205000000e+12
1.759373164546900000e+13
3.518538081897300000e+13
1.407394366095650000e+14
3.156213790000000000e+09
5.840568350000000000e+09
2.758866370860000000e+11
5.513014149420000000e+11
4.399994765342000000e+12
1.407393023918380000e+14
1.407395037184300000e+14
5.629509621514540000e+14
1.125901452443678000e+15
4.097835023000000000e+09
1.819069646300000000e+10
7.053561038300000000e+10
7.073693697500000000e+10
1.384497807510000000e+11
2.768282583190000000e+11
4.399057338383000000e+12
8.797640720399000000e+12
3.518618822247900000e+13
3.518638954907100000e+13
2.814759875379350000e+14
5.629519037726870000e+14
6.245318679000000000e+09
1.872756738300000000e+10
3.617587202300000000e+10
3.637719861500000000e+10
1.389866516710000000e+11
5.517061652710000000e+11
4.399594209303000000e+12
8.797103849495000000e+12
1.759400217807100000e+13
1.759420350466300000e+13
2.814765244088550000e+14
1.125901857194007000e+15
1.054028597900000000e+10
1.899600284300000000e+10
1.919732943500000000e+10
3.590743657100000000e+10
6.973030402700000000e+10
1.392550871310000000e+11
1.394564137230000000e+11
1.101461979163000000e+12
2.200973606939000000e+12
1.759373374261900000e+13
3.518538291612300000e+13
2.814767928443150000e+14
2.814769941709070000e+14
2.251801764036635000e+15
3.158310941000000000e+09
5.842665501000000000e+09
1.040606825300000000e+10
1.060739484500000000e+10
1.913022057300000000e+10
1.393893048610000000e+11
2.758887342370000000e+11
5.513035120930000000e+11
1.101327761437000000e+12
1.101529088029000000e+12
2.200839389213000000e+12
2.201040715805000000e+12
2.814769270620450000e+14
5.629509642486050000e+14
1.125901454540829000e+15
2.251801629818909000e+15
2.251801831145501000e+15
1.054028598200000000e+10
1.899600284600000000e+10
1.919732943800000000e+10
3.590743657400000000e+10
6.973030403000000000e+10
1.392550871340000000e+11
1.394564137260000000e+11
2.200973606942000000e+12
1.759373374262200000e+13
3.518538291612600000e+13
2.814767928443180000e+14
2.814769941709100000e+14
2.251801764036638000e+15
3.162505231000000000e+09
5.846859791000000000e+09
1.041026254300000000e+10
1.061158913500000000e+10
1.913441486300000000e+10
1.393934991510000000e+11
2.758929285270000000e+11
5.513077063830000000e+11
1.101331955727000000e+12
1.101533282319000000e+12
2.200843583503000000e+12
2.201044910095000000e+12
4.400001056783000000e+12
1.407393086832790000e+14
1.407395100098710000e+14
2.814769312563350000e+14
5.629509684428950000e+14
1.125901458735119000e+15
2.251801634013199000e+15
2.251801835339791000e+15
3.699376151000000000e+09
5.309988887000000000e+09
2.764297994470000000e+11
5.507708354790000000e+11
8.798047567895000000e+12
7.037056450562300000e+13
7.037076583221500000e+13
5.629515053138150000e+14
1.125900921864215000e+15
3.967811611000000000e+09
4.169138203000000000e+09
9.604956187000000000e+09
7.067402242700000000e+10
2.766982349070000000e+11
2.768995614990000000e+11
1.100526649371000000e+12
2.200038277147000000e+12
3.518632663452300000e+13
7.037029607017100000e+13
1.407385033769230000e+14
5.629517737492750000e+14
5.629519750758670000e+14
4.102029341000000000e+09
1.819489078100000000e+10
7.053980470100000000e+10
7.074113129300000000e+10
1.384539750690000000e+11
2.768324526370000000e+11
4.399061532701000000e+12
8.797644914717000000e+12
3.518619241679700000e+13
3.518639374338900000e+13
2.814759917322530000e+14
5.629519079670050000e+14
3.967811614000000000e+09
4.169138206000000000e+09
9.604956190000000000e+09
7.067402243000000000e+10
2.766982349100000000e+11
2.768995615020000000e+11
1.100526649374000000e+12
2.200038277150000000e+12
3.518632663452600000e+13
7.037029607017400000e+13
1.407385033769260000e+14
5.629517737492780000e+14
5.629519750758700000e+14
2.251800828706846000e+15
3.707764751000000000e+09
5.318377487000000000e+09
2.764381880470000000e+11
5.507792240790000000e+11
8.798055956495000000e+12
7.037057289422300000e+13
7.037077422081500000e+13
5.629515137024150000e+14
1.125900930252815000e+15
3.170893847000000000e+09
5.855248407000000000e+09
1.041865115900000000e+10
1.061997775100000000e+10
1.914280347900000000e+10
1.394018877670000000e+11
2.759013171430000000e+11
5.513160949990000000e+11
1.101340344343000000e+12
1.101541670935000000e+12
2.200851972119000000e+12
2.201053298711000000e+12
4.400009445399000000e+12
1.407393170718950000e+14
1.407395183984870000e+14
2.814769396449510000e+14
5.629509768315110000e+14
1.125901467123735000e+15
2.251801642401815000e+15
2.251801843728407000e+15
6.123683867000000000e+09
6.325010459000000000e+09
1.015021570700000000e+10
3.632267266700000000e+10
5.515845304590000000e+11
5.517858570510000000e+11
1.101071908891000000e+12
2.200583536667000000e+12
1.759414897871500000e+13
7.036976758786700000e+13
1.407390486364430000e+14
1.125901735559195000e+15
1.125901936885787000e+15
6.257901597000000000e+09
1.874015030100000000e+10
3.618845494100000000e+10
3.638978153300000000e+10
1.389992345890000000e+11
5.517187481890000000e+11
4.399606792221000000e+12
8.797116432413000000e+12
1.759401476098900000e+13
1.759421608758100000e+13
2.814765369917730000e+14
1.125901869776925000e+15
6.123683870000000000e+09
6.325010462000000000e+09
1.015021571000000000e+10
3.632267267000000000e+10
5.515845304620000000e+11
5.517858570540000000e+11
1.101071908894000000e+12
2.200583536670000000e+12
1.759414897871800000e+13
7.036976758787000000e+13
1.407390486364460000e+14
1.125901735559198000e+15
1.125901936885790000e+15
2.251801373966366000e+15
3.992977423000000000e+09
4.194304015000000000e+09
9.630121999000000000e+09
2.767234007190000000e+11
2.769247273110000000e+11
1.100551815183000000e+12
2.200063442959000000e+12
3.518635180033500000e+13
7.037032123598300000e+13
1.407385285427350000e+14
5.629520002416790000e+14
2.251800853872655000e+15
6.140461079000000000e+09
6.341787671000000000e+09
1.016699291900000000e+10
5.516013076710000000e+11
5.518026342630000000e+11
1.101088686103000000e+12
2.200600313879000000e+12
1.759416575592700000e+13
7.036978436507900000e+13
1.407390654136550000e+14
1.125901953662999000e+15
2.251801390743575000e+15
3.187671067000000000e+09
5.872025627000000000e+09
1.043542837900000000e+10
1.063675497100000000e+10
1.915958069900000000e+10
1.394186649870000000e+11
2.759180943630000000e+11
5.513328722190000000e+11
1.101357121563000000e+12
1.101558448155000000e+12
2.200868749339000000e+12
2.201070075931000000e+12
2.814769564221710000e+14
5.629509936087310000e+14
1.125901483900955000e+15
2.251801659179035000e+15
2.251801860505627000e+15
1.056964610900000000e+10
1.902536297300000000e+10
1.922668956500000000e+10
3.593679670100000000e+10
6.975966415700000000e+10
1.392844472610000000e+11
1.394857738530000000e+11
1.101491339293000000e+12
2.201002967069000000e+12
1.759376310274900000e+13
3.518541227625300000e+13
2.814768222044450000e+14
2.814770235310370000e+14
2.251801793396765000e+15
3.187671070000000000e+09
5.872025630000000000e+09
1.043542838200000000e+10
1.063675497400000000e+10
1.915958070200000000e+10
1.394186649900000000e+11
2.759180943660000000e+11
5.513328722220000000e+11
1.101357121566000000e+12
1.101558448158000000e+12
2.200868749342000000e+12
2.201070075934000000e+12
2.814769564221740000e+14
5.629509936087340000e+14
1.125901483900958000e+15
2.251801659179038000e+15
2.251801860505630000e+15
6.912213023000000000e+09
2.080374887000000000e+09
1.147561577500000000e+10
2.080374955000000000e+09
1.167694236700000000e+10
2.080374958000000000e+09
1.415997033500000000e+10
2.080374995000000000e+09
1.436129692700000000e+10
2.080374998000000000e+09
2.019976809500000000e+10
2.080375085000000000e+09
2.288412265500000000e+10
2.080375125000000000e+09
2.744752540700000000e+10
2.080375193000000000e+09
2.764885199900000000e+10
2.080375196000000000e+09
4.033242729500000000e+10
2.080375385000000000e+09
4.053375388700000000e+10
2.080375388000000000e+09
4.435895913500000000e+10
2.080375445000000000e+09
5.281467599900000000e+10
2.080375571000000000e+09
5.301600259100000000e+10
2.080375574000000000e+09
7.254468201500000000e+10
2.080375865000000000e+09
7.274600860700000000e+10
2.080375868000000000e+09
7.818182659100000000e+10
2.080375949000000000e+09
8.663754345500000000e+10
2.080376075000000000e+09
8.683887004700000000e+10
2.080376078000000000e+09
1.035489771830000000e+11
2.080376327000000000e+09
1.404588523830000000e+11
2.080376877000000000e+09
1.431432069430000000e+11
2.080376917000000000e+09
1.477066096950000000e+11
2.080376985000000000e+09
1.479079362870000000e+11
2.080376988000000000e+09
1.563636531510000000e+11
2.080377114000000000e+09
1.730737602870000000e+11
2.080377363000000000e+09
1.732750868790000000e+11
2.080377366000000000e+09
2.068966277430000000e+11
2.080377867000000000e+09
2.070979543350000000e+11
2.080377870000000000e+09
2.787702210870000000e+11
2.080378938000000000e+09
2.796426363190000000e+11
2.080378951000000000e+09
2.842060390710000000e+11
2.080379019000000000e+09
2.844073656630000000e+11
2.080379022000000000e+09
2.929301913910000000e+11
2.080379149000000000e+09
3.452751053110000000e+11
2.080379929000000000e+09
3.454764319030000000e+11
2.080379932000000000e+09
4.131892756790000000e+11
2.080380941000000000e+09
5.523730596150000000e+11
2.080383015000000000e+09
5.557956116790000000e+11
2.080383066000000000e+09
5.596208169270000000e+11
2.080383123000000000e+09
5.598221435190000000e+11
2.080383126000000000e+09
5.683449692470000000e+11
2.080383253000000000e+09
5.857932738870000000e+11
2.080383513000000000e+09
5.859946004790000000e+11
2.080383516000000000e+09
6.886040535350000000e+11
2.080385045000000000e+09
8.251034829110000000e+11
2.080387079000000000e+09
1.102397308959000000e+12
2.080391211000000000e+09
1.102598635551000000e+12
2.080391214000000000e+09
1.105081663519000000e+12
2.080391251000000000e+09
1.105282990111000000e+12
2.080391254000000000e+09
1.109846392863000000e+12
2.080391322000000000e+09
1.118369218591000000e+12
2.080391449000000000e+09
1.118570545183000000e+12
2.080391452000000000e+09
1.135280652319000000e+12
2.080391701000000000e+09
1.169103519775000000e+12
2.080392205000000000e+09
1.238628302879000000e+12
2.080393241000000000e+09
1.238829629471000000e+12
2.080393244000000000e+09
1.375127732255000000e+12
2.080395275000000000e+09
1.375329058847000000e+12
2.080395278000000000e+09
1.650542510111000000e+12
2.080399379000000000e+09
1.650743836703000000e+12
2.080399382000000000e+09
2.201908936735000000e+12
2.080407595000000000e+09
2.202110263327000000e+12
2.080407598000000000e+09
2.204593291295000000e+12
2.080407635000000000e+09
2.204794617887000000e+12
2.080407638000000000e+09
2.209358020639000000e+12
2.080407706000000000e+09
2.217880846367000000e+12
2.080407833000000000e+09
2.218082172959000000e+12
2.080407836000000000e+09
2.234792280095000000e+12
2.080408085000000000e+09
2.268615147551000000e+12
2.080408589000000000e+09
2.338139930655000000e+12
2.080409625000000000e+09
2.338341257247000000e+12
2.080409628000000000e+09
2.474639360031000000e+12
2.080411659000000000e+09
2.474840686623000000e+12
2.080411662000000000e+09
2.750054137887000000e+12
2.080415763000000000e+09
2.750255464479000000e+12
2.080415766000000000e+09
3.300279713823000000e+12
2.080423962000000000e+09
4.401066410015000000e+12
2.080440365000000000e+09
4.403750764575000000e+12
2.080440405000000000e+09
4.433681317919000000e+12
2.080440851000000000e+09
4.433882644511000000e+12
2.080440854000000000e+09
4.467504185375000000e+12
2.080441355000000000e+09
4.467705511967000000e+12
2.080441358000000000e+09
4.673796833311000000e+12
2.080444429000000000e+09
4.949211611167000000e+12
2.080448533000000000e+09
8.799649792031000000e+12
2.080505909000000000e+09
8.801260404767000000e+12
2.080505933000000000e+09
8.831190958111000000e+12
2.080506379000000000e+09
8.831392284703000000e+12
2.080506382000000000e+09
8.866087567391000000e+12
2.080506899000000000e+09
8.866288893983000000e+12
2.080506902000000000e+09
9.072380215327000000e+12
2.080509973000000000e+09
9.346721251359000000e+12
2.080514061000000000e+09
1.319460929539100000e+13
2.080571399000000000e+09
1.759815873334300000e+13
2.080637017000000000e+09
1.759836005993500000e+13
2.080637020000000000e+09
1.760218526518300000e+13
2.080637077000000000e+09
1.761064098204700000e+13
2.080637203000000000e+09
1.761084230863900000e+13
2.080637206000000000e+09
1.762829061327900000e+13
2.080637466000000000e+09
1.766137528323100000e+13
2.080637959000000000e+09
1.773090006633500000e+13
2.080638995000000000e+09
1.773110139292700000e+13
2.080638998000000000e+09
1.814361957993500000e+13
2.080645145000000000e+09
1.814382090652700000e+13
2.080645148000000000e+09
1.869310695836700000e+13
2.080653333000000000e+09
1.979261858614300000e+13
2.080669717000000000e+09
2.199150762396700000e+13
2.080702483000000000e+09
2.199170895055900000e+13
2.080702486000000000e+09
2.638901726415900000e+13
2.080768011000000000e+09
2.638921859075100000e+13
2.080768014000000000e+09
3.518819729411100000e+13
2.080899129000000000e+09
3.518839862070300000e+13
2.080899132000000000e+09
3.519383443868700000e+13
2.080899213000000000e+09
3.520229015555100000e+13
2.080899339000000000e+09
3.520249148214300000e+13
2.080899342000000000e+09
3.521920158927900000e+13
2.080899591000000000e+09
3.525483639606300000e+13
2.080900122000000000e+09
3.532254923983900000e+13
2.080901131000000000e+09
3.532275056643100000e+13
2.080901134000000000e+09
3.546092771740700000e+13
2.080903193000000000e+09
3.546112904399900000e+13
2.080903196000000000e+09
3.628475613187100000e+13
2.080915469000000000e+09
3.738426775964700000e+13
2.080931853000000000e+09
3.958315679747100000e+13
2.080964619000000000e+09
3.958335812406300000e+13
2.080964622000000000e+09
4.398174017948700000e+13
2.081030163000000000e+09
4.398194150607900000e+13
2.081030166000000000e+09
5.277702789532700000e+13
2.081161223000000000e+09
7.037216672975900000e+13
2.081423411000000000e+09
7.037236805635100000e+13
2.081423414000000000e+09
7.037377734249500000e+13
2.081423435000000000e+09
7.037397866908700000e+13
2.081423438000000000e+09
7.040397633129500000e+13
2.081423885000000000e+09
7.043887294057500000e+13
2.081424405000000000e+09
7.064489715305500000e+13
2.081427475000000000e+09
7.064509847964700000e+13
2.081427478000000000e+09
7.091923818908700000e+13
2.081431563000000000e+09
7.091943951567900000e+13
2.081431566000000000e+09
7.916671624809500000e+13
2.081554460000000000e+09
8.796180263734300000e+13
2.081685517000000000e+09
1.055545255526710000e+14
2.081947669000000000e+09
1.407403740365110000e+14
2.082471979000000000e+09
1.407405753631030000e+14
2.082471982000000000e+09
1.407430583910710000e+14
2.082472019000000000e+09
1.407432597176630000e+14
2.082472022000000000e+09
1.407732573798710000e+14
2.082472469000000000e+09
1.408070802473270000e+14
2.082472973000000000e+09
1.410131044598070000e+14
2.082476043000000000e+09
1.410133057863990000e+14
2.082476046000000000e+09
1.412885192376630000e+14
2.082480147000000000e+09
1.412887205642550000e+14
2.082480150000000000e+09
1.451374139146550000e+14
2.082537500000000000e+09
1.583310836859190000e+14
2.082734101000000000e+09
1.759227328594230000e+14
2.082996237000000000e+09
2.111067022950710000e+14
2.083520519000000000e+09
2.814779966095670000e+14
2.084569133000000000e+09
2.814806809641270000e+14
2.084569173000000000e+09
2.814852443668790000e+14
2.084569241000000000e+09
2.814854456934710000e+14
2.084569244000000000e+09
2.814939014103350000e+14
2.084569370000000000e+09
2.815106115174710000e+14
2.084569619000000000e+09
2.815108128440630000e+14
2.084569622000000000e+09
2.815444343849270000e+14
2.084570123000000000e+09
2.815446357115190000e+14
2.084570126000000000e+09
2.816141604946230000e+14
2.084571162000000000e+09
2.817507270328630000e+14
2.084573197000000000e+09
2.820261418107190000e+14
2.084577301000000000e+09
2.825761660600630000e+14
2.084585497000000000e+09
2.825763673866550000e+14
2.084585500000000000e+09
2.836756776878390000e+14
2.084601881000000000e+09
2.836758790144310000e+14
2.084601884000000000e+09
2.990684378235190000e+14
2.084831251000000000e+09
2.990686391501110000e+14
2.084831254000000000e+09
3.166600869970230000e+14
2.085093387000000000e+09
3.166602883236150000e+14
2.085093390000000000e+09
5.629538457354550000e+14
2.088763450000000000e+09
5.629547181506870000e+14
2.088763463000000000e+09
5.629592815534390000e+14
2.088763531000000000e+09
5.629594828800310000e+14
2.088763534000000000e+09
5.629680057057590000e+14
2.088763661000000000e+09
5.630203506196790000e+14
2.088764441000000000e+09
5.630205519462710000e+14
2.088764444000000000e+09
5.632265761587510000e+14
2.088767514000000000e+09
5.635001789972790000e+14
2.088771591000000000e+09
5.640502032466230000e+14
2.088779787000000000e+09
5.640504045732150000e+14
2.088779790000000000e+09
5.651497148743990000e+14
2.088796171000000000e+09
5.651499162009910000e+14
2.088796174000000000e+09
5.673488723476790000e+14
2.088828941000000000e+09
5.717474557296950000e+14
2.088894485000000000e+09
5.981360032317750000e+14
2.089287705000000000e+09
5.981362045583670000e+14
2.089287708000000000e+09
6.333199726674230000e+14
2.089811987000000000e+09
6.333201739940150000e+14
2.089811990000000000e+09
7.036881799741750000e+14
2.090860555000000000e+09
7.036883813007670000e+14
2.090860558000000000e+09
8.444258025472310000e+14
2.092957709000000000e+09
1.125902524088351000e+15
2.097152039000000000e+09
1.125905946640415000e+15
2.097152090000000000e+09
1.125909771845663000e+15
2.097152147000000000e+09
1.125909973172255000e+15
2.097152150000000000e+09
1.125918495997983000e+15
2.097152277000000000e+09
1.125935944302623000e+15
2.097152537000000000e+09
1.125936145629215000e+15
2.097152540000000000e+09
1.126175254511647000e+15
2.097156103000000000e+09
1.126451407487007000e+15
2.097160218000000000e+09
1.127000693538847000e+15
2.097168403000000000e+09
1.127000894865439000e+15
2.097168406000000000e+09
1.128100205166623000e+15
2.097184787000000000e+09
1.128100406493215000e+15
2.097184790000000000e+09
1.130299362639903000e+15
2.097217557000000000e+09
1.134696872280095000e+15
2.097283085000000000e+09
1.143493770608671000e+15
2.097414169000000000e+09
1.143493971935263000e+15
2.097414172000000000e+09
1.196269389217823000e+15
2.098200587000000000e+09
1.196269590544415000e+15
2.098200590000000000e+09
1.266638670266399000e+15
2.099249171000000000e+09
1.266638871592991000e+15
2.099249174000000000e+09
1.407376292839455000e+15
2.101346325000000000e+09
1.688850330026015000e+15
2.105540615000000000e+09
2.251802699366431000e+15
2.113929259000000000e+09
2.251802900693023000e+15
2.113929262000000000e+09
2.251805383720991000e+15
2.113929299000000000e+09
2.251805585047583000e+15
2.113929302000000000e+09
2.251810148450335000e+15
2.113929370000000000e+09
2.251818872602655000e+15
2.113929500000000000e+09
2.251835582709791000e+15
2.113929749000000000e+09
2.251869405577247000e+15
2.113930253000000000e+09
2.251938930360351000e+15
2.113931289000000000e+09
2.251939131686943000e+15
2.113931292000000000e+09
2.252075429789727000e+15
2.113933323000000000e+09
2.252075631116319000e+15
2.113933326000000000e+09
2.252350844567583000e+15
2.113937427000000000e+09
2.252351045894175000e+15
2.113937430000000000e+09
2.252901070143519000e+15
2.113945626000000000e+09
2.254000581771295000e+15
2.113962010000000000e+09
2.269393409015839000e+15
2.114191381000000000e+09
2.286985058189343000e+15
2.114453517000000000e+09
2.533276468117535000e+15
2.118123545000000000e+09
2.533276669444127000e+15
2.118123548000000000e+09
2.814750505304095000e+15
2.122317835000000000e+09
2.814750706630687000e+15
2.122317838000000000e+09
3.377700995596319000e+15
2.130706451000000000e+09
3.377701196922911000e+15
2.130706454000000000e+09
