2080374815
2080374941
2080375067
2080375070
2080375319
2080375823
2080376859
2080376862
2080391197
2080407581
2080636951
2080899087
2084569115
2084569118
10536091679
18991808543
19193135135
35903242271
69726109727
139250892831
139452219423
1101457784863
2200969412639
17593729548319
35185378721823
281476788650015
281476989976607
3154116655
5838471215
10401873967
10603200559
19126026287
139385110575
275884539951
551299317807
1101323567151
1101524893743
2200835194927
2201036521519
4399992668207
140739300294703
140739501621295
281476922867759
562950960054319
1125901450346543
2251801625624623
2251801826951215
3690987575
5301600311
276421410871
550762446903
8798039179319
70370556117047
70370757443639
562951496925239
1125900913475639
3959423035
4160749627
9596567611
70665633851
276689846331
276891172923
2200029888571
35186318245947
70370287681595
140738494988347
562951765360699
562951966687291
2251800820318267
4093640765
18186502205
70531416125
70732742717
138445586493
276824064061
4399053144125
8797636526141
35186184028221
35186385354813
281475983343677
562951899578429
3959423038
4160749630
9596567614
70665633854
276689846334
276891172926
1100518260798
2200029888574
35186318245950
70370287681598
140738494988350
562951765360702
562951966687294
2251800820318270
3690987599
5301600335
276421410895
550762446927
8798039179343
70370556117071
70370757443663
562951496925263
1125900913475663
3154116695
5838471255
10401874007
10603200599
19126026327
139385110615
275884539991
551299317847
1101323567191
1101524893783
2200835194967
2201036521559
4399992668247
140739300294743
140739501621335
281476922867799
562950960054359
1125901450346583
2251801625624663
2251801826951255
6106906715
6308233307
10133438555
36305895515
551567753307
551769079899
2200566759515
17594132201563
70369750810715
140739031859291
1125901718782043
1125901920108635
2251801357189211
6241124445
18723373149
36171677789
36373004381
138982457437
551701971037
4399590015069
8797099655261
17593997983837
17594199310429
281476520214621
1125901852999773
6106906718
6308233310
10133438558
36305895518
551567753310
551769079902
1101055131742
2200566759518
17594132201566
70369750810718
140739031859294
1125901718782046
1125901920108638
2251801357189214
3959423119
4160749711
9596567695
70665633935
276689846415
276891173007
1100518260879
2200029888655
35186318246031
70370287681679
140738494988431
562951765360783
562951966687375
2251800820318351
6106906775
6308233367
10133438615
36305895575
551567753367
551769079959
1101055131799
2200566759575
17594132201623
70369750810775
140739031859351
1125901718782103
1125901920108695
2251801357189271
3154116763
5838471323
10401874075
10603200667
19126026395
139385110683
275884540059
551299317915
1101323567259
1101524893851
2200835195035
2201036521627
281476922867867
562950960054427
1125901450346651
2251801625624731
2251801826951323
10536091805
18991808669
19193135261
35903242397
69726109853
139250892957
139452219549
1101457784989
2200969412765
17593729548445
35185378721949
281476788650141
281476989976733
2251801759842461
3154116766
5838471326
10401874078
10603200670
19126026398
139385110686
275884540062
551299317918
1101323567262
1101524893854
2200835195038
2201036521630
281476922867870
562950960054430
1125901450346654
2251801625624734
2251801826951326
4093640975
18186502415
70531416335
70732742927
138445586703
276824064271
4399053144335
8797636526351
35186184028431
35186385355023
281475983343887
562951899578639
6241124631
18723373335
36171677975
36373004567
138982457623
551701971223
4399590015255
8797099655447
17593997984023
17594199310615
281476520214807
1125901852999959
10536091931
18991808795
19193135387
35903242523
69726109979
139250893083
139452219675
1101457785115
2200969412891
17593729548571
35185378722075
281476788650267
281476989976859
2251801759842587
3154116893
5838471453
10401874205
10603200797
19126026525
139385110813
275884540189
551299318045
1101323567389
1101524893981
2200835195165
2201036521757
281476922867997
562950960054557
1125901450346781
2251801625624861
2251801826951453
10536091934
18991808798
19193135390
35903242526
69726109982
139452219678
1101457785118
2200969412894
17593729548574
35185378722078
281476788650270
281476989976862
2251801759842590
35366371855
70262981135
8797904962063
8798106288655
17593192677903
35185915593231
70370690335247
10536092183
18991809047
19193135639
35903242775
69726110231
139250893335
139452219927
1101457785367
2200969413143
4399858450967
4400059777559
17593729548823
35185378722327
140739434512919
281476788650519
281476989977111
2251801759842839
6241124891
18723373595
36171678235
36373004827
138982457883
551701971483
4399590015515
8797099655707
17593997984283
17594199310875
281476520215067
1125901853000219
6106907165
6308233757
10133439005
36305895965
551567753757
551769080349
2200566759965
17594132202013
70369750811165
140739031859741
1125901718782493
1125901920109085
6241124894
18723373598
36171678238
36373004830
138982457886
551701971486
4399590015518
8797099655710
17593997984286
17594199310878
281476520215070
1125901853000222
10536092687
18991809551
19193136143
35903243279
69726110735
139250893839
139452220431
1101457785871
2200969413647
4399858451471
4400059778063
17593729549327
35185378722831
140739434513423
281476788651023
281476989977615
2251801759843343
35366372375
70262981655
8797904962583
8798106289175
17593192678423
35185915593751
70370690335767
4093641755
18186503195
70531417115
70732743707
138445587483
276824065051
4399053145115
8797636527131
35186184029211
35186385355803
281475983344667
562951899579419
3959424029
4160750621
9596568605
70665634845
276689847325
276891173917
2200029889565
35186318246941
70370287682589
140738494989341
562951765361693
562951966688285
4093641758
18186503198
70531417118
70732743710
138445587486
276824065054
4399053145118
8797636527134
35186184029214
35186385355806
281475983344670
562951899579422
4093642767
18186504207
70531418127
70732744719
138445588495
276824066063
4399053146127
8797636528143
35186184030223
35186385356815
281475983345679
562951899580431
6241126423
18723375127
36171679767
36373006359
138982459415
551701973015
4399590017047
8797099657239
17593997985815
17594199312407
281476520216599
1125901853001751
10536093723
18991810587
35903244315
69726111771
139250894875
139452221467
1101457786907
2200969414683
17593729550363
35185378723867
281476788652059
281476989978651
2251801759844379
3154118685
5838473245
10401875997
10603202589
19126028317
139385112605
275884541981
551299319837
1101323569181
1101524895773
2200835196957
2201036523549
281476922869789
562950960056349
1125901450348573
2251801625626653
2251801826953245
10536093726
18991810590
19193137182
35903244318
69726111774
139250894878
139452221470
1101457786910
2200969414686
17593729550366
35185378723870
281476788652062
281476989978654
2251801759844382
3154120719
5838475279
10401878031
10603204623
19126030351
139385114639
275884544015
551299321871
1101323571215
1101524897807
2200835198991
2201036525583
4399992672271
140739300298767
140739501625359
281476922871823
562950960058383
1125901450350607
2251801625628687
2251801826955279
3690991639
5301604375
276421414935
550762450967
8798039183383
70370556121111
70370757447703
562951496929303
1125900913479703
3959427099
4160753691
9596571675
70665637915
276689850395
276891176987
1100518264859
2200029892635
35186318250011
70370287685659
140738494992411
562951765364763
562951966691355
2251800820322331
4093644829
18186506269
70531420189
70732746781
138445590557
276824068125
4399053148189
8797636530205
35186184032285
35186385358877
281475983347741
562951899582493
3959427102
4160753694
9596571678
70665637918
276689850398
276891176990
1100518264862
2200029892638
35186318250014
70370287685662
140738494992414
562951765364766
562951966691358
2251800820322334
3690995727
5301608463
276421419023
550762455055
8798039187471
70370556125199
70370757451791
562951496933391
1125900913483791
3154124823
5838479383
10401882135
10603208727
19126034455
139385118743
275884548119
551299325975
1101323575319
1101524901911
2200835203095
2201036529687
4399992676375
140739300302871
140739501629463
281476922875927
562950960062487
1125901450354711
2251801625632791
2251801826959383
6106914843
6308241435
10133446683
36305903643
551567761435
551769088027
1101055139867
2200566767643
17594132209691
70369750818843
140739031867419
1125901718790171
1125901920116763
2251801357197339
6241132573
18723381277
36171685917
36373012509
138982465565
551701979165
4399590023197
8797099663389
17593997991965
17594199318557
281476520222749
1125901853007901
6106914846
6308241438
10133446686
36305903646
551567761438
551769088030
1101055139870
2200566767646
17594132209694
70369750818846
140739031867422
1125901718790174
1125901920116766
2251801357197342
4160765967
9596583951
276689862671
276891189263
1100518277135
2200029904911
35186318262287
70370287697935
140738495004687
562951765377039
562951966703631
2251800820334607
6308249623
10133454871
551567769623
551769096215
1101055148055
2200566775831
17594132217879
70369750827031
140739031875607
1125901718798359
1125901920124951
2251801357205527
3154133019
5838487579
10401890331
10603216923
19126042651
139385126939
275884556315
551299334171
1101323583515
1101524910107
2200835211291
2201036537883
281476922884123
562950960070683
1125901450362907
2251801625640987
2251801826967579
10536108061
18991824925
19193151517
35903258653
69726126109
139250909213
139452235805
1101457801245
2200969429021
17593729564701
35185378738205
281476788666397
2251801759858717
3154133022
5838487582
10401890334
10603216926
19126042654
139385126942
275884556318
551299334174
1101323583518
1101524910110
2200835211294
2201036537886
281476922884126
562950960070686
1125901450362910
2251801625640990
2251801826967582
3959455759
4160782351
9596600335
70665666575
276689879055
276891205647
1100518293519
2200029921295
35186318278671
70370287714319
140738495021071
562951765393423
562951966720015
2251800820350991
6106939415
6308266007
10133471255
36305928215
551567786007
551769112599
1101055164439
2200566792215
17594132234263
70369750843415
140739031891991
1125901718814743
1125901920141335
2251801357221911
3154149403
5838503963
10401906715
10603233307
19126059035
139385143323
275884572699
551299350555
1101323599899
1101524926491
2200835227675
2201036554267
281476922900507
562950960087067
1125901450379291
2251801625657371
2251801826983963
10536124445
18991841309
19193167901
35903275037
69726142493
139250925597
139452252189
1101457817629
2200969445405
17593729581085
35185378754589
281476788682781
281476990009373
2251801759875101
3154149406
5838503966
10401906718
10603233310
19126059038
139385143326
275884572702
551299350558
1101323599902
1101524926494
2200835227678
2201036554270
281476922900510
562950960087070
1125901450379294
2251801625657374
2251801826983966
4093706255
18186567695
70531481615
70732808207
138445651983
276824129551
4399053209615
8797636591631
35186184093711
35186385420303
281475983409167
562951899643919
6241189911
18723438615
36171743255
36373069847
138982522903
551702036503
4399590080535
8797099720727
17593998049303
17594199375895
281476520280087
1125901853065239
35903307803
69726175259
4399858515995
4400059842587
17593729613851
35185378787355
140739434577947
3154182173
5838536733
275884605469
551299383325
4399992733725
140739300360221
140739501686813
562950960119837
1125901450412061
35903307806
69726175262
4399858515998
4400059842590
17593729613854
35185378787358
140739434577950
6241255439
18723504143
36171808783
36373135375
138982588431
551702102031
4399590146063
8797099786255
17593998114831
17594199441423
281476520345615
1125901853130767
4093771799
18186633239
70531547159
70732873751
138445717527
276824195095
4399053275159
8797636657175
35186184159255
35186385485847
281475983474711
562951899709463
35366502427
70263111707
8797905092635
8798106419227
17593192808475
35185915723803
70370690465819
3691118621
5301731357
276421541917
550762577949
8798039310365
70370556248093
70370757574685
562951497056285
1125900913606685
35366502430
70263111710
8797905092638
8798106419230
17593192808478
35185915723806
70370690465822
35366633487
70263242767
8797905223695
8798106550287
17593192939535
35185915854863
70370690596879
10536353815
18992070679
19193397271
35903504407
69726371863
139251154967
139452481559
1101458046999
2200969674775
4399858712599
4400060039191
17593729810455
35185378983959
140739434774551
281476788912151
281476990238743
2251801760104471
6241386523
18723635227
36171939867
36373266459
138982719515
551702233115
4399590277147
8797099917339
17593998245915
17594199572507
281476520476699
1125901853261851
6107168797
6308495389
10133700637
36306157597
551568015389
551769341981
1101055393821
2200567021597
17594132463645
70369751072797
140739032121373
1125901719044125
1125901920370717
2251801357451293
6241386526
18723635230
36171939870
36373266462
138982719518
551702233118
4399590277150
8797099917342
17593998245918
17594199572510
281476520476702
1125901853261854
10536615951
18992332815
19193659407
35903766543
69726633999
139251417103
139452743695
1101458309135
2200969936911
4399858974735
4400060301327
17593730072591
35185379246095
140739435036687
281476789174287
281476990500879
2251801760366607
35366895639
70263504919
8797905485847
8798106812439
17593193201687
35185916117015
70370690859031
4094165019
18187026459
70531940379
70733266971
138446110747
276824588315
4399053668379
8797637050395
35186184552475
35186385879067
281475983867931
562951900102683
3959947293
4161273885
9597091869
70666158109
276690370589
276891697181
1100518785053
2200030412829
35186318770205
70370288205853
140738495512605
562951765884957
562951967211549
2251800820842525
4094165022
18187026462
70531940382
70733266974
138446110750
276824588318
4399053668382
8797637050398
35186184552478
35186385879070
281475983867934
562951900102686
6107955215
6309281807
10134487055
36306944015
551568801807
551770128399
1101056180239
2200567808015
17594133250063
70369751859215
140739032907791
1125901719830543
1125901921157135
2251801358237711
3960471575
4161798167
9597616151
70666682391
276690894871
276892221463
1100519309335
2200030937111
35186319294487
70370288730135
140738496036887
562951766409239
562951967735831
2251800821366807
3692036123
5302648859
276422459419
550763495451
8798040227867
70370557165595
70370758492187
562951497973787
1125900914524187
35367419933
70264029213
8797906010141
8798107336733
17593193725981
35185916641309
70370691383325
3692036126
5302648862
276422459422
550763495454
8798040227870
70370557165598
70370758492190
562951497973790
1125900914524190
3961520143
4162846735
9598664719
70667730959
276691943439
276893270031
1100520357903
2200031985679
35186320343055
70370289778703
140738497085455
562951767457807
562951968784399
2251800822415375
6109003799
6310330391
10135535639
36307992599
551569850391
551771176983
1101057228823
2200568856599
17594134298647
70369752907799
140739033956375
1125901720879127
1125901922205719
2251801359286295
3156213787
5840568347
275886637083
551301414939
4399994765339
140739302391835
140739503718427
562950962151451
1125901452443675
35905339421
69728206877
4399860547613
4400061874205
17593731645469
35185380818973
140739436609565
3156213790
5840568350
275886637086
551301414942
4399994765342
140739302391838
140739503718430
562950962151454
1125901452443678
4097835023
18190696463
70535610383
70736936975
138449780751
276828258319
4399057338383
8797640720399
35186188222479
35186389549071
281475987537935
562951903772687
6245318679
18727567383
36175872023
36377198615
138986651671
551706165271
4399594209303
8797103849495
17594002178071
17594203504663
281476524408855
1125901857194007
10540285979
18996002843
19197329435
35907436571
69730304027
139255087131
139456413723
1101461979163
2200973606939
17593733742619
35185382916123
281476792844315
281476994170907
2251801764036635
3158310941
5842665501
10406068253
10607394845
19130220573
139389304861
275888734237
551303512093
1101327761437
1101529088029
2200839389213
2201040715805
281476927062045
562950964248605
1125901454540829
2251801629818909
2251801831145501
10540285982
18996002846
19197329438
35907436574
69730304030
139255087134
139456413726
2200973606942
17593733742622
35185382916126
281476792844318
281476994170910
2251801764036638
3162505231
5846859791
10410262543
10611589135
19134414863
139393499151
275892928527
551307706383
1101331955727
1101533282319
2200843583503
2201044910095
4400001056783
140739308683279
140739510009871
281476931256335
562950968442895
1125901458735119
2251801634013199
2251801835339791
3699376151
5309988887
276429799447
550770835479
8798047567895
70370564505623
70370765832215
562951505313815
1125900921864215
3967811611
4169138203
9604956187
70674022427
276698234907
276899561499
1100526649371
2200038277147
35186326634523
70370296070171
140738503376923
562951773749275
562951975075867
4102029341
18194890781
70539804701
70741131293
138453975069
276832452637
4399061532701
8797644914717
35186192416797
35186393743389
281475991732253
562951907967005
3967811614
4169138206
9604956190
70674022430
276698234910
276899561502
1100526649374
2200038277150
35186326634526
70370296070174
140738503376926
562951773749278
562951975075870
2251800828706846
3707764751
5318377487
276438188047
550779224079
8798055956495
70370572894223
70370774220815
562951513702415
1125900930252815
3170893847
5855248407
10418651159
10619977751
19142803479
139401887767
275901317143
551316094999
1101340344343
1101541670935
2200851972119
2201053298711
4400009445399
140739317071895
140739518398487
281476939644951
562950976831511
1125901467123735
2251801642401815
2251801843728407
6123683867
6325010459
10150215707
36322672667
551584530459
551785857051
1101071908891
2200583536667
17594148978715
70369767587867
140739048636443
1125901735559195
1125901936885787
6257901597
18740150301
36188454941
36389781533
138999234589
551718748189
4399606792221
8797116432413
17594014760989
17594216087581
281476536991773
1125901869776925
6123683870
6325010462
10150215710
36322672670
551584530462
551785857054
1101071908894
2200583536670
17594148978718
70369767587870
140739048636446
1125901735559198
1125901936885790
2251801373966366
3992977423
4194304015
9630121999
276723400719
276924727311
1100551815183
2200063442959
35186351800335
70370321235983
140738528542735
562952000241679
2251800853872655
6140461079
6341787671
10166992919
551601307671
551802634263
1101088686103
2200600313879
17594165755927
70369784365079
140739065413655
1125901953662999
2251801390743575
3187671067
5872025627
10435428379
10636754971
19159580699
139418664987
275918094363
551332872219
1101357121563
1101558448155
2200868749339
2201070075931
281476956422171
562950993608731
1125901483900955
2251801659179035
2251801860505627
10569646109
19025362973
19226689565
35936796701
69759664157
139284447261
139485773853
1101491339293
2201002967069
17593763102749
35185412276253
281476822204445
281477023531037
2251801793396765
3187671070
5872025630
10435428382
10636754974
19159580702
139418664990
275918094366
551332872222
1101357121566
1101558448158
2200868749342
2201070075934
281476956422174
562950993608734
1125901483900958
2251801659179038
2251801860505630
6912213023
2080374887
11475615775
2080374955
11676942367
2080374958
14159970335
2080374995
14361296927
2080374998
20199768095
2080375085
22884122655
2080375125
27447525407
2080375193
27648851999
2080375196
40332427295
2080375385
40533753887
2080375388
44358959135
2080375445
52814675999
2080375571
53016002591
2080375574
72544682015
2080375865
72746008607
2080375868
78181826591
2080375949
86637543455
2080376075
86838870047
2080376078
103548977183
2080376327
140458852383
2080376877
143143206943
2080376917
147706609695
2080376985
147907936287
2080376988
156363653151
2080377114
173073760287
2080377363
173275086879
2080377366
206896627743
2080377867
207097954335
2080377870
278770221087
2080378938
279642636319
2080378951
284206039071
2080379019
284407365663
2080379022
292930191391
2080379149
345275105311
2080379929
345476431903
2080379932
413189275679
2080380941
552373059615
2080383015
555795611679
2080383066
559620816927
2080383123
559822143519
2080383126
568344969247
2080383253
585793273887
2080383513
585994600479
2080383516
688604053535
2080385045
825103482911
2080387079
1102397308959
2080391211
1102598635551
2080391214
1105081663519
2080391251
1105282990111
2080391254
1109846392863
2080391322
1118369218591
2080391449
1118570545183
2080391452
1135280652319
2080391701
1169103519775
2080392205
1238628302879
2080393241
1238829629471
2080393244
1375127732255
2080395275
1375329058847
2080395278
1650542510111
2080399379
1650743836703
2080399382
2201908936735
2080407595
2202110263327
2080407598
2204593291295
2080407635
2204794617887
2080407638
2209358020639
2080407706
2217880846367
2080407833
2218082172959
2080407836
2234792280095
2080408085
2268615147551
2080408589
2338139930655
2080409625
2338341257247
2080409628
2474639360031
2080411659
2474840686623
2080411662
2750054137887
2080415763
2750255464479
2080415766
3300279713823
2080423962
4401066410015
2080440365
4403750764575
2080440405
4433681317919
2080440851
4433882644511
2080440854
4467504185375
2080441355
4467705511967
2080441358
4673796833311
2080444429
4949211611167
2080448533
8799649792031
2080505909
8801260404767
2080505933
8831190958111
2080506379
8831392284703
2080506382
8866087567391
2080506899
8866288893983
2080506902
9072380215327
2080509973
9346721251359
2080514061
13194609295391
2080571399
17598158733343
2080637017
17598360059935
2080637020
17602185265183
2080637077
17610640982047
2080637203
17610842308639
2080637206
17628290613279
2080637466
17661375283231
2080637959
17730900066335
2080638995
17731101392927
2080638998
18143619579935
2080645145
18143820906527
2080645148
18693106958367
2080653333
19792618586143
2080669717
21991507623967
2080702483
21991708950559
2080702486
26389017264159
2080768011
26389218590751
2080768014
35188197294111
2080899129
35188398620703
2080899132
35193834438687
2080899213
35202290155551
2080899339
35202491482143
2080899342
35219201589279
2080899591
35254836396063
2080900122
35322549239839
2080901131
35322750566431
2080901134
35460927717407
2080903193
35461129043999
2080903196
36284756131871
2080915469
37384267759647
2080931853
39583156797471
2080964619
39583358124063
2080964622
43981740179487
2081030163
43981941506079
2081030166
52777027895327
2081161223
70372166729759
2081423411
70372368056351
2081423414
70373777342495
2081423435
70373978669087
2081423438
70403976331295
2081423885
70438872940575
2081424405
70644897153055
2081427475
70645098479647
2081427478
70919238189087
2081431563
70919439515679
2081431566
79166716248095
2081554460
87961802637343
2081685517
105554525552671
2081947669
140740374036511
2082471979
140740575363103
2082471982
140743058391071
2082472019
140743259717663
2082472022
140773257379871
2082472469
140807080247327
2082472973
141013104459807
2082476043
141013305786399
2082476046
141288519237663
2082480147
141288720564255
2082480150
145137413914655
2082537500
158331083685919
2082734101
175922732859423
2082996237
211106702295071
2083520519
281477996609567
2084569133
281480680964127
2084569173
281485244366879
2084569241
281485445693471
2084569244
281493901410335
2084569370
281510611517471
2084569619
281510812844063
2084569622
281544434384927
2084570123
281544635711519
2084570126
281614160494623
2084571162
281750727032863
2084573197
282026141810719
2084577301
282576166060063
2084585497
282576367386655
2084585500
283675677687839
2084601881
283675879014431
2084601884
299068437823519
2084831251
299068639150111
2084831254
316660086997023
2085093387
316660288323615
2085093390
562953845735455
2088763450
562954718150687
2088763463
562959281553439
2088763531
562959482880031
2088763534
562968005705759
2088763661
563020350619679
2088764441
563020551946271
2088764444
563226576158751
2088767514
563500178997279
2088771591
564050203246623
2088779787
564050404573215
2088779790
565149714874399
2088796171
565149916200991
2088796174
567348872347679
2088828941
571747455729695
2088894485
598136003231775
2089287705
598136204558367
2089287708
633319972667423
2089811987
633320173994015
2089811990
703688179974175
2090860555
703688381300767
2090860558
844425802547231
2092957709
1125902524088351
2097152039
1125905946640415
2097152090
1125909771845663
2097152147
1125909973172255
2097152150
1125918495997983
2097152277
1125935944302623
2097152537
1125936145629215
2097152540
1126175254511647
2097156103
1126451407487007
2097160218
1127000693538847
2097168403
1127000894865439
2097168406
1128100205166623
2097184787
1128100406493215
2097184790
1130299362639903
2097217557
1134696872280095
2097283085
1143493770608671
2097414169
1143493971935263
2097414172
1196269389217823
2098200587
1196269590544415
2098200590
1266638670266399
2099249171
1266638871592991
2099249174
1407376292839455
2101346325
1688850330026015
2105540615
2251802699366431
2113929259
2251802900693023
2113929262
2251805383720991
2113929299
2251805585047583
2113929302
2251810148450335
2113929370
2251818872602655
2113929500
2251835582709791
2113929749
2251869405577247
2113930253
2251938930360351
2113931289
2251939131686943
2113931292
2252075429789727
2113933323
2252075631116319
2113933326
2252350844567583
2113937427
2252351045894175
2113937430
2252901070143519
2113945626
2254000581771295
2113962010
2269393409015839
2114191381
2286985058189343
2114453517
2533276468117535
2118123545
2533276669444127
2118123548
2814750505304095
2122317835
2814750706630687
2122317838
3377700995596319
2130706451
3377701196922911
2130706454
