9.549085924694100669e-01
-3.538393937147768162e-03
2.377791716482497602e-04
-1.136800363889156260e-04
-1.512715481347027581e-02
1.512715481347065398e-02
3.043723668466091423e-03
-1.321431189314922761e-03
-7.474484601465771275e-03
3.526023792317177236e-03
1.048244405141780453e-02
-1.048244405141790167e-02
-2.115027966547806861e-03
-3.179098117296759538e-03
-3.538393937147768162e-03
2.377791716482497602e-04
-1.136800363889156260e-04
-1.512715481347027581e-02
1.512715481347065398e-02
3.043723668466091423e-03
-1.321431189314922761e-03
-7.474484601465771275e-03
3.526023792317177236e-03
1.048244405141780453e-02
-1.048244405141790167e-02
-2.115027966547806861e-03
-3.179098117296759538e-03
-8.580112646965942780e-02
5.488396210448426987e-02
-2.507131883311235904e-03
-1.495510944297006109e-02
2.202376967235080037e-03
1.574490763102087340e-02
2.943274840198303183e-02
-1.963841880005800719e-02
-2.148313659381378624e-02
-1.407853362504247335e-02
4.588782462874673070e-03
1.210152627117971891e-02
7.574176681291081015e-03
4.452583988766389486e-03
-4.742141110014141958e-03
-3.978504007931390682e-03
-5.139396494627058998e-03
2.282559064850917148e-03
-4.841587231928387580e-03
-3.329061269174609164e-03
-1.136158995917864803e-02
1.955710930652997809e-02
3.586342635688837682e-03
-6.208583553000834518e-03
-7.574310056315106121e-03
-4.452677198234530724e-03
4.742261424467351244e-03
-1.145447287025059928e-03
1.711588312937911693e-03
-2.378954087514428134e-02
8.284995823722730510e-03
7.012596801884428063e-03
-2.660638160716875464e-03
4.208525931087462625e-03
-2.457214991182762702e-03
-1.074712802296325098e-04
1.433579409677805845e-02
-8.281694159111941539e-03
8.281636123825663470e-03
8.910359181522073055e-03
-1.084304921647444037e-03
-3.518676226566378167e-03
-4.030021359824505212e-02
9.398670824862551121e-03
1.857916321712304621e-03
6.102886583182657622e-03
2.711062225077175841e-03
9.985745158090850171e-03
1.770319401036841989e-02
-1.770330083895860912e-02
1.946360662928087876e-02
1.235466738502685388e-03
-7.077483984269624870e-03
7.469538428047099027e-03
8.284995823722730510e-03
-7.938761986872919230e-03
-1.042636330901053690e-02
4.328181706001765251e-03
-8.835168779778840688e-04
5.515958645405338173e-03
-8.542740274018792088e-03
6.329048843055701083e-03
-5.822070124247043579e-03
8.297857434479357502e-03
-8.297754653889828635e-03
-4.964922869378182377e-03
-3.477667189345711243e-03
6.676861684139865499e-04
1.955710930652997115e-02
-1.136158995917861854e-02
-6.208583553000792885e-03
3.586342635688849392e-03
7.574310056315103519e-03
4.452677198234528122e-03
-4.742261424467348642e-03
1.711588312937916898e-03
-1.145447287025055157e-03
5.488396210448426987e-02
-8.580112646965934453e-02
2.507131883311189066e-03
1.495510944297007497e-02
-2.202376967235074399e-03
-1.574490763102083524e-02
-1.963841880005792392e-02
2.943274840198315673e-02
2.148313659381378624e-02
1.407853362504246295e-02
-4.588782462874727713e-03
-1.210152627117970503e-02
7.574176681291079280e-03
4.452583988766386017e-03
-4.742141110014141091e-03
3.978504007931386345e-03
2.282559064850926689e-03
-5.139396494627036446e-03
4.841587231928365896e-03
3.329061269174607429e-03
-2.378954087514424665e-02
8.284995823722728775e-03
-7.012596801884428063e-03
-2.660638160716850310e-03
4.208525931087509463e-03
-2.457214991182776580e-03
1.074712802296515918e-04
1.433579409677807406e-02
8.281694159111932865e-03
8.281636123825658266e-03
8.910359181522079994e-03
-1.084304921647446206e-03
3.518676226566384672e-03
-4.030021359824502436e-02
-9.398670824862547651e-03
1.857916321712331509e-03
6.102886583182643744e-03
-2.711062225077193188e-03
9.985745158090912621e-03
1.770319401036841989e-02
1.770330083895860218e-02
1.946360662928089610e-02
1.235466738502679317e-03
7.077483984269627472e-03
7.469538428047112037e-03
8.284995823722728775e-03
-7.938761986872912291e-03
1.042636330901052996e-02
4.328181706001750506e-03
-8.835168779778987055e-04
5.515958645405335571e-03
8.542740274018790353e-03
-6.329048843055698481e-03
-5.822070124247048784e-03
-8.297857434479355768e-03
-8.297754653889828635e-03
-4.964922869378184979e-03
-3.477667189345712111e-03
-6.676861684139874173e-04
7.012596801884428063e-03
-1.042636330901054731e-02
-5.737577690883981750e-03
3.767623981157718766e-03
-2.616141996953306147e-03
5.510849291534946313e-03
-4.483156830996247802e-03
3.874489071334834365e-03
-2.634751212634314083e-03
4.439541797562510800e-03
-4.439602048947936808e-03
-1.746770262249205778e-03
-2.683090293792434779e-03
3.662385587146306716e-04
-7.012596801884429798e-03
1.042636330901054557e-02
-5.737577690883994760e-03
-3.767623981157722235e-03
2.616141996953319157e-03
-5.510849291534952385e-03
-4.483156830996247802e-03
3.874489071334833064e-03
2.634751212634320154e-03
4.439541797562513402e-03
4.439602048947940277e-03
1.746770262249209681e-03
2.683090293792433044e-03
3.662385587146315389e-04
-2.507131883311235904e-03
2.507131883311187331e-03
-9.753013085697277013e-03
8.544523812964470097e-04
-6.789110273643227111e-03
-3.884475338347314656e-03
-2.432630760630216660e-03
2.432630760630208420e-03
-5.886009942137172086e-04
-2.084283954192790028e-03
2.867551889490384427e-03
3.770862789751920153e-04
2.665195065548695355e-03
6.835541623556073195e-04
-6.835541623556168605e-04
2.515383920597539548e-03
-2.034432462808072762e-03
-1.174437908412767975e-02
-1.198449949449947871e-02
-9.061468657847932852e-04
-1.114852685744514675e-02
1.114852685744513808e-02
-7.619120814569647036e-03
4.499526090148657856e-03
1.985843905679008075e-03
5.472193588135843174e-03
-2.134461342308473057e-03
2.134461342308483032e-03
4.031517238466824499e-03
-1.159296988239542914e-03
3.499606985089035241e-03
-1.495510944297007150e-02
1.495510944297008885e-02
8.544523812964550328e-04
-6.096855558140754951e-03
1.733366931808410453e-03
5.136128845841502095e-03
9.347434980915102568e-03
-9.347434980915135527e-03
-6.981468961040289238e-03
-7.285186052823858921e-03
1.695020099923139848e-03
6.866621751446162943e-03
-2.286145093663568932e-03
-3.385316273338224644e-03
3.385316273338235919e-03
-4.386961308904321379e-03
-3.391489181528893181e-03
9.398670824862549386e-03
-6.016221924568122131e-03
-2.023185716821477437e-04
9.195060635636834526e-04
3.856888121567458080e-03
-2.024188713972359648e-03
-5.688556820560339289e-03
5.688552538505925113e-03
-2.410792253421557320e-03
-1.766814607393678987e-03
1.049292599435995912e-03
2.716969826262903218e-04
-9.398670824862547651e-03
-6.016221924568122131e-03
2.023185716821512131e-04
-9.195060635636860547e-04
3.856888121567458513e-03
2.024188713972373960e-03
5.688556820560338421e-03
5.688552538505921644e-03
2.410792253421558187e-03
1.766814607393676385e-03
1.049292599435995479e-03
-2.716969826262864186e-04
-1.198449949449951167e-02
-1.474949376571535638e-02
-5.525592381511069441e-03
-1.182129271363858633e-02
1.182129271363858286e-02
-6.486946679441127003e-03
5.462988158369857378e-03
1.439162937584208312e-03
6.104693554509169062e-03
-4.443384620288908654e-03
4.443384620288908654e-03
5.308692367726826691e-03
2.273354879489626525e-03
3.146054179180975737e-03
2.202376967235076134e-03
-2.202376967235074832e-03
-6.789110273643247928e-03
1.733366931808412621e-03
-4.718194066446487409e-03
-4.349882255868266906e-03
-3.629620348064496998e-03
3.629620348064492227e-03
1.975021670859149030e-03
7.218871124395614004e-04
1.631833877679498591e-03
-1.212140697235668946e-03
2.362392515169610581e-03
1.602852523763438532e-03
-1.602852523763439183e-03
3.226414110837459367e-03
-3.167930838381090904e-04
-9.061468657847893821e-04
-5.525592381511069441e-03
-7.605177195876076067e-03
-7.567724664146031205e-03
7.567724664146032940e-03
4.735639473605669260e-03
8.810152349088289005e-04
2.737028596324493114e-03
-1.761734336442734392e-03
1.761734336442734826e-03
2.501951079067599778e-03
3.614643541415738480e-03
-9.963169995131073917e-04
-1.615364687964783007e-03
2.964800509306730544e-03
-2.012754479828035223e-04
-1.089428513326304348e-03
-2.005195995207878273e-04
1.856033083461902742e-04
7.318442998444839266e-04
-1.114852685744513114e-02
-1.182129271363858806e-02
-7.567724664146030338e-03
-2.162638333908662933e-02
1.704624833630225683e-02
-1.077202614003977890e-02
9.518148461445488304e-03
5.074833060436644352e-03
9.922793494498902828e-03
-2.012775409636368730e-04
-1.089417560921134920e-03
-2.512353202290709513e-03
2.126324456135423452e-03
7.318467767680545809e-04
3.196065883462238799e-03
7.843373184203555892e-04
1.196376736374650356e-03
1.857916321712331509e-03
2.023185716821512131e-04
-3.258948736864994162e-03
-4.232709665788169360e-04
-4.263353747028605749e-03
2.221960539137515702e-03
-2.579382397965695409e-03
-2.579384131862985478e-03
-1.209306867557832267e-03
-3.241775826585559239e-03
5.726792813728030784e-04
4.551202245922512024e-04
-2.660638160716850310e-03
4.328181706001749639e-03
-3.767623981157712694e-03
-3.053674283328473675e-03
3.088629560028529480e-03
-3.528524915607380609e-03
4.332427049333532725e-03
1.384859009450118209e-03
1.211158242323730899e-03
1.211155432664860754e-03
7.690074938188956512e-04
9.414042432550104962e-04
6.102886583182642009e-03
-9.195060635636851873e-04
-4.232709665788168818e-04
-5.328176927030581211e-03
3.720013236791119143e-03
-4.736651043251095122e-03
-3.948109339234527615e-03
-3.948114516319226053e-03
-3.993586585994201438e-03
-3.866841760831974447e-03
-1.155861689578348631e-03
8.405735953343410191e-04
1.114852685744511900e-02
1.182129271363858460e-02
7.567724664146031205e-03
1.704624833630224989e-02
-2.162638333908662933e-02
1.077202614003979451e-02
-9.518148461445502181e-03
-5.074833060436647822e-03
-9.922793494498899358e-03
-2.012775409636344878e-04
-1.089417560921135788e-03
2.126324456135419549e-03
-2.512353202290710380e-03
7.318467767680576167e-04
-3.196065883462239667e-03
-7.843373184203549387e-04
-1.196376736374655560e-03
2.964800509306727075e-03
-1.615364687964784308e-03
2.012754479827998360e-04
1.089428513326309769e-03
1.856033083461896237e-04
-2.005195995207889386e-04
-7.318442998444883718e-04
1.857916321712304621e-03
-2.023185716821494784e-04
-3.258948736864997631e-03
-4.232709665788134666e-04
4.263353747028613555e-03
2.221960539137526544e-03
-2.579382397965687603e-03
2.579384131862980274e-03
-1.209306867557820558e-03
-3.241775826585560540e-03
-5.726792813728048132e-04
4.551202245922589544e-04
-2.660638160716874596e-03
4.328181706001765251e-03
3.767623981157704888e-03
-3.053674283328478446e-03
3.088629560028530781e-03
-3.528524915607380609e-03
-4.332427049333537929e-03
1.384859009450127099e-03
-1.211158242323737838e-03
1.211155432664866175e-03
7.690074938189023733e-04
9.414042432550094120e-04
6.102886583182655887e-03
9.195060635636843199e-04
-4.232709665788134666e-04
-5.328176927030584681e-03
-3.720013236791122179e-03
-4.736651043251093388e-03
-3.948109339234529350e-03
3.948114516319229522e-03
-3.993586585994203172e-03
-3.866841760831975748e-03
1.155861689578350582e-03
8.405735953343368991e-04
2.711062225077179311e-03
3.856888121567456779e-03
4.263353747028614422e-03
-3.720013236791120878e-03
-6.501999583014323077e-03
-6.070055133304905724e-03
1.539054387148211696e-03
-1.539102469959876228e-03
-2.194877167125637574e-03
1.797887502389685591e-03
1.041372633607953908e-03
-1.212668867198672326e-03
-2.711062225077189719e-03
3.856888121567457646e-03
-4.263353747028606616e-03
3.720013236791118710e-03
-6.501999583014318740e-03
6.070055133304904857e-03
-1.539054387148210828e-03
-1.539102469959876445e-03
2.194877167125642344e-03
-1.797887502389687760e-03
1.041372633607954342e-03
1.212668867198670591e-03
-7.619120814569660914e-03
-6.486946679441120932e-03
-1.077202614003978411e-02
1.077202614003979625e-02
-1.880471645591311539e-02
5.502737553068418053e-03
1.722181865913540583e-02
5.395071977181427336e-03
6.918847310435597905e-03
-6.918847310435590967e-03
-5.749014748217913182e-03
-1.759479596073088882e-03
-3.965579727576388352e-04
1.574490763102086993e-02
-1.574490763102084565e-02
-3.884475338347303380e-03
5.136128845841491687e-03
-4.349882255868266039e-03
-1.645394546280321696e-02
-1.303337266657185467e-02
1.303337266657187896e-02
2.063750781170157339e-02
2.154774620912800268e-03
1.716967105515029672e-03
-6.047352392061359702e-03
-2.635036740402753753e-03
-1.209945492740924266e-03
1.209945492740919278e-03
1.253424205109768524e-03
2.362865707468308780e-03
4.499526090148647448e-03
5.462988158369855643e-03
4.735639473605670127e-03
9.518148461445486569e-03
-9.518148461445498712e-03
5.502737553068418053e-03
-4.508941562445955946e-03
-3.357702118997602306e-03
-4.788728559874155626e-03
-9.708075564424509989e-04
9.708075564424498063e-04
-8.693597996739199597e-04
-7.591209523950235866e-04
2.049985322400524508e-04
2.943274840198302142e-02
-1.963841880005792739e-02
-2.432630760630204083e-03
9.347434980915102568e-03
-3.629620348064500901e-03
-1.303337266657186161e-02
-1.743091279457721979e-02
1.240858328794176325e-02
1.469740722136230436e-02
8.275997342687534813e-03
1.342907124900055964e-04
-1.000838349054199682e-02
-2.339666344492186741e-03
-1.045060102220766356e-03
1.884968432030576131e-03
2.296688444321813571e-03
3.493268737660747483e-03
-2.203903567378920868e-03
4.913446052998529309e-03
3.748643978704402531e-03
3.586342635688838116e-03
-6.208583553000792885e-03
-1.708456561884261898e-03
3.313885936469291790e-03
2.339699057762715390e-03
1.045077067278127022e-03
-1.885007946394564454e-03
4.768316343702019735e-04
-8.125139010821773571e-04
4.208525931087462625e-03
-8.835168779778841772e-04
-2.616141996953298340e-03
3.088629560028531649e-03
-3.322605129312549994e-03
1.127466885138643082e-03
3.329014333755408658e-03
1.607732163194458986e-03
-3.467659533977225823e-03
1.425946071952738890e-03
-1.425926997464239347e-03
-1.898879794560415961e-03
5.917944410936622256e-04
1.502157100236541781e-03
9.985745158090851906e-03
-2.024188713972361817e-03
2.221960539137526544e-03
-4.736651043251095122e-03
-6.070055133304910928e-03
-6.010001156976075426e-03
-4.591596587107973221e-03
4.591627780111389584e-03
-5.436779920462854465e-03
-7.207997637425276032e-04
2.658082526367197204e-03
-1.719125862981550536e-03
-2.457214991182763569e-03
5.515958645405336438e-03
5.510849291534937640e-03
-3.528524915607381910e-03
1.127466885138643082e-03
-4.198644029664400784e-03
3.899728926659189361e-03
-5.034249453978424486e-03
2.106982314392785976e-03
-3.578444621432321469e-03
3.578405504939445071e-03
2.144794651984639668e-03
2.537299625542902871e-03
3.044114392074946836e-04
-6.208583553000834518e-03
3.586342635688848958e-03
3.313885936469286586e-03
-1.708456561884272307e-03
-2.339699057762723629e-03
-1.045077067278133527e-03
1.885007946394569442e-03
-8.125139010821799592e-04
4.768316343702030035e-04
-1.963841880005800719e-02
2.943274840198315673e-02
2.432630760630194976e-03
-9.347434980915149405e-03
3.629620348064491794e-03
1.303337266657188590e-02
1.240858328794176499e-02
-1.743091279457730652e-02
-1.469740722136233906e-02
-8.275997342687548691e-03
-1.342907124900136195e-04
1.000838349054201243e-02
-2.339666344492198451e-03
-1.045060102220772211e-03
1.884968432030582203e-03
-2.296688444321819643e-03
-2.203903567378917398e-03
3.493268737660751386e-03
-4.913446052998527575e-03
-3.748643978704408602e-03
4.208525931087509463e-03
-8.835168779778993561e-04
2.616141996953310483e-03
3.088629560028529047e-03
-3.322605129312564305e-03
1.127466885138647418e-03
-3.329014333755413863e-03
-1.607732163194467443e-03
-3.467659533977254880e-03
-1.425946071952750166e-03
-1.425926997464254525e-03
-1.898879794560432658e-03
5.917944410936637435e-04
-1.502157100236546118e-03
9.985745158090912621e-03
2.024188713972374393e-03
2.221960539137514835e-03
-4.736651043251094255e-03
6.070055133304908326e-03
-6.010001156976101447e-03
-4.591596587107999242e-03
-4.591627780111414737e-03
-5.436779920462887425e-03
-7.207997637425252180e-04
-2.658082526367205878e-03
-1.719125862981565715e-03
-2.457214991182777013e-03
5.515958645405335571e-03
-5.510849291534957589e-03
-3.528524915607380609e-03
1.127466885138647418e-03
-4.198644029664407723e-03
-3.899728926659197601e-03
5.034249453978439232e-03
2.106982314392796818e-03
3.578444621432329709e-03
3.578405504939456781e-03
2.144794651984646174e-03
2.537299625542906775e-03
-3.044114392074946836e-04
-8.542740274018790353e-03
-4.483156830996242598e-03
3.329014333755412128e-03
3.899728926659188927e-03
-5.476870817447663381e-03
2.341532863182627707e-03
7.860167692667931194e-04
3.507339575253606411e-03
-3.507365248429407389e-03
-3.649570460136225547e-04
-3.432530584333544701e-03
-1.956720252906643987e-04
8.542740274018790353e-03
-4.483156830996243465e-03
-3.329014333755417332e-03
-3.899728926659198035e-03
-5.476870817447658177e-03
2.341532863182635947e-03
-7.860167692667939868e-04
3.507339575253606845e-03
3.507365248429409124e-03
3.649570460136251568e-04
3.432530584333545569e-03
-1.956720252906595198e-04
-2.148313659381378624e-02
2.148313659381378624e-02
-5.886009942137089687e-04
-6.981468961040287503e-03
1.975021670859150764e-03
2.063750781170158033e-02
1.469740722136230610e-02
-1.469740722136234426e-02
-3.084536682826510140e-02
-5.921067482378311250e-03
1.067076836126649823e-03
8.850378667649344555e-03
6.148200090954706806e-03
1.320050973100486387e-03
-1.320050973100484002e-03
-1.152885311836649579e-03
-6.183277703453079685e-03
1.985843905679005907e-03
1.439162937584211781e-03
8.810152349088294426e-04
5.074833060436645220e-03
-5.074833060436649557e-03
1.722181865913541277e-02
-3.357702118997600571e-03
-1.769024201334105928e-02
-2.877329360076870315e-03
-8.368426860496790132e-03
8.368426860496783193e-03
8.681600332244715501e-03
3.279438612500978727e-03
-1.407853362504246815e-02
1.407853362504246295e-02
-2.084283954192793498e-03
-7.285186052823848513e-03
7.218871124395608583e-04
2.154774620912803737e-03
8.275997342687536548e-03
-8.275997342687552161e-03
-5.921067482378309516e-03
-9.801230075149731241e-03
4.176965602258634822e-03
8.595472501973667329e-03
-2.883114962601359722e-03
-5.018396535774587511e-03
5.018396535774588378e-03
-6.356558695971899903e-03
-5.430390666874172420e-03
-1.074712802296359793e-04
6.329048843055697614e-03
3.874489071334704261e-03
-4.332427049333530122e-03
1.607732163194450312e-03
-5.034249453978440099e-03
2.341532863182628574e-03
-4.540939041599417400e-03
7.691889597491259525e-04
-2.276601487771741025e-03
2.276634754343338264e-03
1.182030968079090128e-03
2.613200918326229281e-03
3.508170989595263498e-04
1.074712802296524591e-04
-6.329048843055713226e-03
3.874489071334706429e-03
4.332427049333517979e-03
-1.607732163194449011e-03
5.034249453978435762e-03
2.341532863182635947e-03
-4.540939041599404390e-03
-7.691889597491257356e-04
-2.276601487771747964e-03
-2.276634754343336096e-03
-1.182030968079087743e-03
-2.613200918326233184e-03
3.508170989595327466e-04
4.588782462874675672e-03
-4.588782462874722509e-03
2.867551889490378789e-03
1.695020099923022104e-03
1.631833877679493387e-03
1.716967105515017529e-03
1.342907124899880324e-04
-1.342907124899826114e-04
1.067076836126682566e-03
4.176965602258629617e-03
-2.479231364993715082e-03
-1.869072468659414713e-03
-1.970787595631164502e-04
6.726376167785800501e-04
-6.726376167785880732e-04
5.124099512453033581e-04
2.365286533911286140e-03
5.472193588135571690e-03
6.104693554509163858e-03
2.737028596324502655e-03
9.922793494498885480e-03
-9.922793494498890685e-03
5.395071977181441214e-03
-4.788728559874150421e-03
-2.877329360076898070e-03
-4.850947245124883483e-03
9.967270281955212079e-04
-9.967270281955203405e-04
-1.639996913839182830e-03
3.911865819539732565e-04
-1.488583142028580006e-03
1.210152627117971023e-02
-1.210152627117970850e-02
3.770862789750804508e-04
6.866621751446033706e-03
-1.212140697235654201e-03
-6.047352392061357967e-03
-1.000838349054200029e-02
1.000838349054200202e-02
8.850378667649316800e-03
8.595472501973656920e-03
-1.869072468659434228e-03
-8.867397560401770948e-03
1.836249734591973923e-03
3.775381238784680793e-03
-3.775381238784678191e-03
5.311562692215885013e-03
5.330828625336796363e-03
1.770319401036841989e-02
-5.688556820560337554e-03
-2.579382397965687169e-03
-3.948109339234530217e-03
1.539054387148212130e-03
-4.591596587107973221e-03
-1.258146995146970648e-02
7.585281469241245828e-03
-8.356918075534305879e-03
-4.972170116542336260e-03
2.776653577675572762e-03
-8.902366969371555347e-04
1.770319401036841989e-02
5.688556820560339289e-03
-2.579382397965695409e-03
-3.948109339234526748e-03
-1.539054387148211262e-03
-4.591596587107997507e-03
-1.258146995146971862e-02
-7.585281469241245828e-03
-8.356918075534309348e-03
-4.972170116542336260e-03
-2.776653577675571461e-03
-8.902366969371571610e-04
-2.012775409636366562e-04
-2.012775409636344878e-04
-1.769560182087611582e-03
1.341039035559069177e-03
-1.961026547138319288e-03
-1.961026547138320156e-03
-3.222648686033400059e-03
7.574176681291077545e-03
7.574176681291080147e-03
-2.339666344492186308e-03
-2.339666344492197150e-03
-4.842481440893624603e-03
-3.167812051328424035e-03
3.659849758516658946e-03
1.761396724176979810e-04
1.761396724176977641e-04
-1.089417560921135137e-03
-1.089417560921136004e-03
1.341039035559069177e-03
-5.684924721406159689e-03
-1.674540664449763409e-03
-1.674540664449764059e-03
5.045485928925557730e-03
1.770330083895860218e-02
5.688552538505921644e-03
-2.579384131862983744e-03
-3.948114516319226920e-03
-1.539102469959876445e-03
-4.591627780111413870e-03
-7.585281469241245828e-03
-1.258149792669114274e-02
-8.356919552435115861e-03
-4.972173402555381261e-03
-2.776618874503099070e-03
-8.902386450983244869e-04
-1.770330083895860912e-02
5.688552538505923378e-03
2.579384131862980274e-03
3.948114516319229522e-03
-1.539102469959875361e-03
4.591627780111389584e-03
7.585281469241245828e-03
-1.258149792669114447e-02
8.356919552435112392e-03
4.972173402555382996e-03
-2.776618874503099937e-03
8.902386450983176564e-04
-2.012754479828037391e-04
2.012754479828002697e-04
-1.769547940898842783e-03
1.341037794129170844e-03
-1.961042330098345006e-03
1.961042330098341537e-03
-3.222655504408124261e-03
-7.574310056315106121e-03
7.574310056315103519e-03
2.339699057762713655e-03
-2.339699057762723629e-03
-4.842506437811975803e-03
-3.167812256072783089e-03
3.659857672958421061e-03
-1.761356095133278371e-04
1.761356095133258855e-04
-1.089428513326304348e-03
1.089428513326309335e-03
1.341037794129171061e-03
-5.684928449692043702e-03
-1.674541391212508662e-03
1.674541391212509963e-03
5.045494850438114222e-03
-2.005195995207878002e-04
1.856033083461889732e-04
-1.961042330098346741e-03
-1.674541391212508229e-03
-1.508676998147468785e-03
2.126008545044154319e-03
-8.864805216536250643e-04
-2.134461342308478695e-03
-4.443384620288906052e-03
-1.761734336442733525e-03
-2.512353202290709513e-03
2.126324456135419115e-03
6.918847310435597905e-03
-9.708075564424516494e-04
-8.368426860496788397e-03
9.967270281955114501e-04
-1.961026547138321023e-03
-1.674540664449762975e-03
-1.170587257033671273e-02
8.071037172621114975e-03
-8.864787252436073621e-04
4.625881166151032259e-03
3.582218086024541084e-03
7.759651834109045077e-04
1.946360662928089610e-02
2.410792253421559055e-03
-1.209306867557833351e-03
-3.993586585994201438e-03
2.194877167125644513e-03
-5.436779920462885690e-03
-8.356918075534305879e-03
-8.356919552435115861e-03
-1.218144521243369124e-02
-1.784532108463411995e-03
-1.926591845155240998e-03
-5.712822544211663793e-03
1.433579409677808100e-02
-5.822070124247048784e-03
2.634751212634317118e-03
1.384859009450117992e-03
-3.467659533977254880e-03
2.106982314392796818e-03
-7.860167692667957215e-04
-7.691889597491309398e-04
-9.321572829130542193e-03
-4.305529888479749621e-03
-4.305526418566860483e-03
-6.832197467669323329e-03
1.273245845162681916e-03
-1.196548151882029492e-03
1.235466738502680184e-03
1.766814607393676819e-03
-3.241775826585559239e-03
-3.866841760831973580e-03
-1.797887502389688627e-03
-7.207997637425247843e-04
-4.972170116542335393e-03
-4.972173402555380393e-03
-1.784532108463411995e-03
-7.640938146739472900e-03
8.078411252167535302e-04
3.071771362259017972e-03
2.134461342308494308e-03
4.443384620288907787e-03
1.761734336442733959e-03
2.126324456135425187e-03
-2.512353202290709513e-03
-6.918847310435590967e-03
9.708075564424505652e-04
8.368426860496781458e-03
-9.967270281955138353e-04
-1.961026547138317554e-03
-1.674540664449764059e-03
8.071037172621114975e-03
-1.170587257033669712e-02
-8.864787252436060611e-04
-4.625881166151031391e-03
-3.582218086024539349e-03
-7.759651834109045077e-04
1.856033083461909247e-04
-2.005195995207888031e-04
1.961042330098346741e-03
1.674541391212509747e-03
2.126008545044154319e-03
-1.508676998147468352e-03
8.864805216536246306e-04
1.946360662928087876e-02
-2.410792253421557320e-03
-1.209306867557821425e-03
-3.993586585994203172e-03
-2.194877167125638441e-03
-5.436779920462854465e-03
-8.356918075534305879e-03
8.356919552435112392e-03
-1.218144521243368431e-02
-1.784532108463416766e-03
1.926591845155243600e-03
-5.712822544211657722e-03
1.433579409677806712e-02
-5.822070124247045314e-03
-2.634751212634308878e-03
1.384859009450126665e-03
-3.467659533977224956e-03
2.106982314392785542e-03
7.860167692667931194e-04
7.691889597491307230e-04
-9.321572829130528315e-03
4.305529888479743550e-03
-4.305526418566858748e-03
-6.832197467669314656e-03
1.273245845162680181e-03
1.196548151882028625e-03
1.235466738502685388e-03
-1.766814607393678987e-03
-3.241775826585560107e-03
-3.866841760831976182e-03
1.797887502389685591e-03
-7.207997637425291211e-04
-4.972170116542334525e-03
4.972173402555382996e-03
-1.784532108463416332e-03
-7.640938146739471165e-03
-8.078411252167517955e-04
3.071771362259014503e-03
8.281694159111934600e-03
-8.297857434479357502e-03
4.439541797562516004e-03
1.211158242323730032e-03
-1.425946071952749299e-03
3.578444621432328842e-03
3.507339575253606845e-03
-2.276601487771747097e-03
-4.305529888479749621e-03
-5.463580430644426368e-03
-2.760706549589684450e-03
-3.000160402158374290e-03
-1.550142337525458333e-03
-9.679899854991563931e-04
-8.281694159111941539e-03
8.297857434479359237e-03
4.439541797562516004e-03
-1.211158242323737838e-03
1.425946071952738890e-03
-3.578444621432321469e-03
3.507339575253605977e-03
-2.276601487771740158e-03
4.305529888479745285e-03
-5.463580430644422899e-03
2.760706549589689654e-03
3.000160402158372121e-03
1.550142337525459418e-03
-9.679899854991556342e-04
-4.452677198234530724e-03
4.452677198234528122e-03
1.045077067278127889e-03
-1.045077067278133744e-03
-3.167812256072783089e-03
-2.045024122329986739e-03
2.212193356572838849e-03
5.427566355446469988e-04
-5.427566355446482999e-04
7.318442998444837097e-04
-7.318442998444881550e-04
-3.222655504408125562e-03
5.045494850438113354e-03
-8.864805216536259316e-04
8.864805216536233295e-04
-4.524998746795708300e-03
4.742261424467350377e-03
-4.742261424467347775e-03
-1.885007946394565322e-03
1.885007946394570526e-03
3.659857672958421061e-03
2.212193356572838849e-03
-2.915306419271155875e-03
8.351812595836024958e-04
-8.351812595836019537e-04
8.281636123825663470e-03
-8.297754653889828635e-03
-4.439602048947942879e-03
1.211155432664866175e-03
-1.425926997464239347e-03
3.578405504939445071e-03
-3.507365248429408257e-03
2.276634754343335662e-03
-4.305526418566858748e-03
2.760706549589690521e-03
-5.463565231615575765e-03
-3.000160812861116938e-03
-1.550141210919093928e-03
9.680127033366764172e-04
8.281636123825660001e-03
-8.297754653889828635e-03
4.439602048947948951e-03
1.211155432664860754e-03
-1.425926997464255393e-03
3.578405504939456781e-03
3.507365248429409124e-03
-2.276634754343329591e-03
-4.305526418566860483e-03
-2.760706549589684450e-03
-5.463565231615576633e-03
-3.000160812861119974e-03
-1.550141210919093928e-03
-9.680127033366760919e-04
4.452583988766387751e-03
4.452583988766386017e-03
-1.045060102220766573e-03
-1.045060102220772861e-03
-3.167812051328424902e-03
-2.045014413685396215e-03
2.212181247545556666e-03
-5.427553817241848304e-04
-5.427553817241843968e-04
7.318467767680543641e-04
7.318467767680578336e-04
-3.222648686033400926e-03
5.045485928925557730e-03
-8.864787252436077958e-04
-8.864787252436064947e-04
-4.525008559822166557e-03
-4.742141110014141958e-03
-4.742141110014140223e-03
1.884968432030575481e-03
1.884968432030581986e-03
3.659849758516659814e-03
2.212181247545557099e-03
-2.915290549784742107e-03
-8.351813947690334876e-04
-8.351813947690333792e-04
-7.077483984269625737e-03
1.049292599435997213e-03
-5.726792813728037290e-04
1.155861689578351016e-03
1.041372633607954342e-03
2.658082526367196337e-03
2.776653577675573630e-03
-2.776618874503100805e-03
1.926591845155242733e-03
-8.078411252167515787e-04
-2.167521423141268930e-03
1.949298655671222527e-04
7.077483984269624870e-03
1.049292599435996780e-03
5.726792813728028616e-04
-1.155861689578348631e-03
1.041372633607955643e-03
-2.658082526367205010e-03
-2.776653577675571895e-03
-2.776618874503099070e-03
-1.926591845155240998e-03
8.078411252167535302e-04
-2.167521423141265894e-03
-1.949298655671244211e-04
4.031517238466825366e-03
5.308692367726824089e-03
2.501951079067600212e-03
3.196065883462237064e-03
-3.196065883462237064e-03
-5.749014748217916651e-03
-8.693597996739172492e-04
8.681600332244712032e-03
-1.639996913839185865e-03
4.625881166151032259e-03
-4.625881166151030524e-03
-7.676115422229455240e-03
-1.274338331569873414e-03
-3.840477706497911516e-03
-3.978504007931390682e-03
3.978504007931386345e-03
2.665195065548703595e-03
-2.286145093663555488e-03
2.362392515169611448e-03
-2.635036740402756789e-03
2.296688444321812704e-03
-2.296688444321817041e-03
6.148200090954705072e-03
-2.883114962601357554e-03
-1.970787595631097282e-04
1.836249734591969152e-03
-5.523918883763357691e-03
-2.346503843931614479e-03
2.346503843931614913e-03
-4.327909566404151455e-03
6.302693397915859605e-04
-1.159296988239525133e-03
2.273354879489626959e-03
3.614643541415739781e-03
7.843373184203568903e-04
-7.843373184203542882e-04
-1.759479596073086063e-03
-7.591209523950270561e-04
3.911865819539743407e-04
3.582218086024540650e-03
-3.582218086024539349e-03
-1.274338331569873630e-03
-4.208648933795409650e-03
1.368478648286980967e-03
-5.139396494627057263e-03
2.282559064850925822e-03
6.835541623555947428e-04
-3.385316273338220307e-03
1.602852523763439617e-03
-1.209945492740924482e-03
3.493268737660750953e-03
-2.203903567378919133e-03
1.320050973100485520e-03
-5.018396535774584909e-03
6.726376167785674733e-04
3.775381238784685997e-03
1.761396724176979810e-04
-5.427553817241850473e-04
-8.351813947690334876e-04
-2.346503843931614045e-03
-3.922849900700719691e-03
2.538188314227973752e-03
-3.011866123090536224e-03
-1.679079798772525108e-03
-1.145447287025060145e-03
1.711588312937916464e-03
4.768316343702020820e-04
-8.125139010821803929e-04
-1.761356095133276203e-04
5.427566355446467820e-04
8.351812595836023874e-04
-4.705223502244627854e-04
9.140683124766691911e-04
8.910359181522071320e-03
-4.964922869378182377e-03
-1.746770262249213584e-03
7.690074938189019396e-04
-1.898879794560417045e-03
2.144794651984639668e-03
-3.649570460136232052e-04
1.182030968079083189e-03
-6.832197467669312921e-03
3.000160402158372121e-03
-3.000160812861118239e-03
-5.355369188364612551e-03
3.816680951710016054e-04
7.469538428047099027e-03
2.716969826262918396e-04
4.551202245922581413e-04
8.405735953343374412e-04
-1.212668867198672760e-03
-1.719125862981550536e-03
-8.902366969371555347e-04
8.902386450983183069e-04
-5.712822544211657722e-03
3.071771362259014069e-03
1.949298655671222527e-04
-4.759787104670848076e-03
-1.084304921647444037e-03
-3.477667189345712111e-03
-2.683090293792434779e-03
9.414042432550101709e-04
5.917944410936626593e-04
2.537299625542903739e-03
-3.432530584333544701e-03
2.613200918326229714e-03
1.273245845162679314e-03
1.550142337525459418e-03
-1.550141210919094145e-03
3.816680951710015512e-04
-2.484007625329238793e-03
-5.384247718995853948e-04
1.711588312937910826e-03
-1.145447287025054724e-03
-8.125139010821773571e-04
4.768316343702029493e-04
1.761356095133261024e-04
-5.427566355446489504e-04
-8.351812595836020621e-04
9.140683124766688658e-04
-4.705223502244625686e-04
2.282559064850915413e-03
-5.139396494627034712e-03
-6.835541623556077532e-04
3.385316273338237220e-03
-1.602852523763439833e-03
1.209945492740919061e-03
-2.203903567378920868e-03
3.493268737660751386e-03
-1.320050973100482701e-03
5.018396535774587511e-03
-6.726376167785784238e-04
-3.775381238784673420e-03
1.761396724176973305e-04
-5.427553817241848304e-04
-8.351813947690334876e-04
2.346503843931615780e-03
2.538188314227972885e-03
-3.922849900700717957e-03
3.011866123090531887e-03
1.679079798772535517e-03
8.910359181522079994e-03
-4.964922869378184979e-03
1.746770262249216620e-03
7.690074938188965186e-04
-1.898879794560432875e-03
2.144794651984646174e-03
3.649570460136258073e-04
-1.182030968079080153e-03
-6.832197467669323329e-03
-3.000160402158374290e-03
-3.000160812861120407e-03
-5.355369188364617755e-03
3.816680951710019849e-04
7.469538428047114639e-03
-2.716969826262870692e-04
4.551202245922515276e-04
8.405735953343405854e-04
1.212668867198670591e-03
-1.719125862981565282e-03
-8.902366969371582452e-04
-8.902386450983239448e-04
-5.712822544211662926e-03
3.071771362259016237e-03
-1.949298655671244211e-04
-4.759787104670849811e-03
-1.084304921647445338e-03
-3.477667189345712978e-03
2.683090293792434779e-03
9.414042432550102793e-04
5.917944410936641772e-04
2.537299625542907208e-03
3.432530584333545569e-03
-2.613200918326227980e-03
1.273245845162680615e-03
-1.550142337525458117e-03
-1.550141210919093711e-03
3.816680951710022559e-04
-2.484007625329240528e-03
5.384247718995861538e-04
-3.518676226566380769e-03
6.676861684139865499e-04
3.662385587146371226e-04
1.502157100236546985e-03
3.044114392074912141e-04
-1.956720252906628266e-04
3.508170989595465702e-04
1.196548151882027540e-03
-9.679899854991558510e-04
9.680127033366769593e-04
-5.384247718995861538e-04
-8.680196652326924297e-04
3.518676226566389877e-03
-6.676861684139882847e-04
3.662385587146375020e-04
-1.502157100236546985e-03
-3.044114392074890457e-04
-1.956720252906574056e-04
3.508170989595519370e-04
-1.196548151882028625e-03
-9.679899854991559595e-04
-9.680127033366780435e-04
5.384247718995858285e-04
-8.680196652326926466e-04
-4.841587231928390182e-03
4.841587231928372835e-03
2.515383920597538681e-03
-4.386961308904339593e-03
3.226414110837465439e-03
1.253424205109784570e-03
4.913446052998531911e-03
-4.913446052998528442e-03
-1.152885311836657168e-03
-6.356558695971894699e-03
5.124099512452430765e-04
5.311562692215969148e-03
-4.327909566404159261e-03
-3.011866123090534489e-03
3.011866123090531453e-03
-7.077586960158405334e-03
-3.166391822868226853e-03
3.499606985089093788e-03
3.146054179180987447e-03
-9.963169995130948149e-04
1.196376736374654042e-03
-1.196376736374661414e-03
-3.965579727576097786e-04
2.049985322400346699e-04
3.279438612500974390e-03
-1.488583142028480476e-03
7.759651834109058087e-04
-7.759651834109042908e-04
-3.840477706497913250e-03
1.368478648286987256e-03
-3.247760404210662481e-03
-3.329061269174608297e-03
3.329061269174605694e-03
-2.034432462808113962e-03
-3.391489181528869329e-03
-3.167930838381052957e-04
2.362865707468297504e-03
3.748643978704396026e-03
-3.748643978704398628e-03
-6.183277703453069277e-03
-5.430390666874169818e-03
2.365286533911318666e-03
5.330828625336816312e-03
6.302693397915891046e-04
-1.679079798772527710e-03
1.679079798772534216e-03
-3.166391822868231190e-03
-5.013652372338750496e-03
3.532685279795429872e-02
3.532685279795429872e-02
-9.519728685195663967e-03
-9.519728685195663967e-03
-4.528746133959524189e-03
-4.528746133959524189e-03
9.519728685195617129e-03
9.519728685195617129e-03
4.528746133959543271e-03
4.528746133959543271e-03
-7.196293857627473686e-03
-7.196293857627473686e-03
7.196293857627472819e-03
7.196293857627472819e-03
5.195389220856263743e-03
5.195389220856263743e-03
-2.639513797593202003e-03
-2.639513797593202003e-03
-4.518554482429181819e-03
-4.518554482429181819e-03
1.774704877180892371e-03
1.774704877180892371e-03
7.380902876287418445e-03
7.380902876287418445e-03
1.202361128532073928e-02
1.202361128532073928e-02
6.648218600582345150e-03
6.648218600582345150e-03
-4.518554482429179217e-03
-4.518554482429179217e-03
1.774704877180890636e-03
1.774704877180890636e-03
-7.380902876287414108e-03
-7.380902876287414108e-03
-1.202361128532073407e-02
-1.202361128532073407e-02
-6.648218600582346885e-03
-6.648218600582346885e-03
-1.408144782699552282e-02
-1.408144782699552282e-02
1.303384540594369062e-02
1.303384540594369062e-02
-1.303384540594365593e-02
-1.303384540594365593e-02
3.734645476222357534e-03
3.734645476222357534e-03
-6.366027556928442396e-04
-6.366027556928442396e-04
5.499907316661134006e-03
5.499907316661134006e-03
-6.508672393011177490e-03
-6.508672393011177490e-03
5.798135224654367426e-03
5.798135224654367426e-03
6.508672393011181827e-03
6.508672393011181827e-03
-5.798135224654377834e-03
-5.798135224654377834e-03
-1.573698113204879392e-03
-1.573698113204879392e-03
1.342983524705713451e-02
1.342983524705713451e-02
-1.835112363230942574e-04
-1.835112363230942574e-04
-3.836585689380164928e-03
-3.836585689380164928e-03
1.605431634092139084e-03
1.605431634092139084e-03
-8.666690208910051048e-04
-8.666690208910051048e-04
1.208126127643713212e-03
1.208126127643713212e-03
6.963317533266950680e-03
6.963317533266950680e-03
-1.342983524705717267e-02
-1.342983524705717267e-02
-1.573698113204877657e-03
-1.573698113204877657e-03
1.835112363231155078e-04
1.835112363231155078e-04
3.836585689380191816e-03
3.836585689380191816e-03
-1.605431634092117400e-03
-1.605431634092117400e-03
-8.666690208910142121e-04
-8.666690208910142121e-04
1.208126127643713646e-03
1.208126127643713646e-03
-6.963317533266977569e-03
-6.963317533266977569e-03
9.094697351472478403e-03
9.094697351472478403e-03
-2.147601466005611900e-02
-2.147601466005611900e-02
-5.535793351023677797e-03
-5.535793351023677797e-03
2.147601466005610513e-02
2.147601466005610513e-02
5.535793351023672593e-03
5.535793351023672593e-03
4.897185006847494006e-03
4.897185006847494006e-03
-5.358587332749389833e-04
-5.358587332749389833e-04
-1.591281224692685844e-04
-1.591281224692685844e-04
4.976390170568793271e-03
4.976390170568793271e-03
-4.976390170568796741e-03
-4.976390170568796741e-03
-3.415689152566167563e-03
-3.415689152566167563e-03
5.512476739910404308e-03
5.512476739910404308e-03
1.136839288760689397e-02
1.136839288760689397e-02
4.376268416028348054e-03
4.376268416028348054e-03
-1.136839288760692693e-02
-1.136839288760692693e-02
-4.376268416028354126e-03
-4.376268416028354126e-03
4.696253743104311651e-03
4.696253743104311651e-03
5.772477428124012620e-03
5.772477428124012620e-03
-4.696253743104374968e-03
-4.696253743104374968e-03
-5.772477428123995273e-03
-5.772477428123995273e-03
-1.317933820947941653e-03
-1.317933820947941653e-03
4.472859676829670471e-03
4.472859676829670471e-03
-3.949169293560156856e-03
-3.949169293560156856e-03
5.590366445165367501e-03
5.590366445165367501e-03
-5.590366445165360562e-03
-5.590366445165360562e-03
3.678104871666423685e-03
3.678104871666423685e-03
-1.258623832187207546e-03
-1.258623832187207546e-03
-1.473441450704462280e-03
-1.473441450704462280e-03
-4.974134036563560186e-03
-4.974134036563560186e-03
1.473441450704466400e-03
1.473441450704466400e-03
4.974134036563566258e-03
4.974134036563566258e-03
4.673413065390687182e-03
4.673413065390687182e-03
-1.012901732907734234e-02
-1.012901732907734234e-02
-1.012901732907733887e-02
-1.012901732907733887e-02
2.378104857002058536e-03
2.378104857002058536e-03
2.858691778313391611e-03
2.858691778313391611e-03
2.378104857002052465e-03
2.378104857002052465e-03
2.858691778313394213e-03
2.858691778313394213e-03
2.251930242615786913e-03
2.251930242615786913e-03
2.251930242615800357e-03
2.251930242615800357e-03
1.012899078264350300e-02
1.012899078264350300e-02
-1.012899078264349953e-02
-1.012899078264349953e-02
2.378108683880180221e-03
2.378108683880180221e-03
2.858686002992922789e-03
2.858686002992922789e-03
-2.378108683880180221e-03
-2.378108683880180221e-03
-2.858686002992920187e-03
-2.858686002992920187e-03
-2.251928722348675929e-03
-2.251928722348675929e-03
2.251928722348690241e-03
2.251928722348690241e-03
1.517056293848249166e-02
1.517056293848249166e-02
-5.127812532502815102e-03
-5.127812532502815102e-03
7.057536862749728968e-03
7.057536862749728968e-03
4.769212554942795813e-03
4.769212554942795813e-03
6.854176873710465107e-03
6.854176873710465107e-03
3.528548943836410344e-03
3.528548943836410344e-03
7.518107594086421985e-04
7.518107594086421985e-04
1.940721147789230142e-03
1.940721147789230142e-03
-4.723970143309953393e-03
-4.723970143309953393e-03
-8.270799459472369776e-04
-8.270799459472369776e-04
1.969120386485630810e-03
1.969120386485630810e-03
-2.827782078135321602e-03
-2.827782078135321602e-03
7.582410091229992675e-03
7.582410091229992675e-03
-1.765915987944642390e-03
-1.765915987944642390e-03
-6.395891528395984856e-03
-6.395891528395984856e-03
-3.297629452092572418e-03
-3.297629452092572418e-03
-6.395877222336769120e-03
-6.395877222336769120e-03
-3.297632011342871948e-03
-3.297632011342871948e-03
-5.127812532502811632e-03
-5.127812532502811632e-03
7.057536862749730702e-03
7.057536862749730702e-03
-4.769212554942803620e-03
-4.769212554942803620e-03
-6.854176873710465107e-03
-6.854176873710465107e-03
-3.528548943836412946e-03
-3.528548943836412946e-03
-1.940721147789234262e-03
-1.940721147789234262e-03
7.518107594086430659e-04
7.518107594086430659e-04
4.723970143309952525e-03
4.723970143309952525e-03
8.270799459472350261e-04
8.270799459472350261e-04
1.969120386485629509e-03
1.969120386485629509e-03
-2.827782078135314663e-03
-2.827782078135314663e-03
-7.582410091229988339e-03
-7.582410091229988339e-03
1.765915987944644558e-03
1.765915987944644558e-03
-6.395891528395988325e-03
-6.395891528395988325e-03
-3.297629452092570683e-03
-3.297629452092570683e-03
6.395877222336765651e-03
6.395877222336765651e-03
3.297632011342873249e-03
3.297632011342873249e-03
-5.945028627576960656e-03
-5.945028627576960656e-03
3.829016960877410815e-03
3.829016960877410815e-03
-3.555596010012008860e-03
-3.555596010012008860e-03
-3.829016960877406478e-03
-3.829016960877406478e-03
3.555596010012009728e-03
3.555596010012009728e-03
-4.793139424792463221e-04
-4.793139424792463221e-04
4.793139424792496831e-04
4.793139424792496831e-04
-3.808690046746110013e-04
-3.808690046746110013e-04
1.693436675037756148e-03
1.693436675037756148e-03
3.808690046746155550e-04
3.808690046746155550e-04
-1.693436675037758316e-03
-1.693436675037758316e-03
-1.385637177479692294e-03
-1.385637177479692294e-03
3.419049366826123690e-03
3.419049366826123690e-03
-3.419049366826121955e-03
-3.419049366826121955e-03
-3.829052135059275719e-03
-3.829052135059275719e-03
3.555613543875686677e-03
3.555613543875686677e-03
-3.829052135059273984e-03
-3.829052135059273984e-03
3.555613543875688412e-03
3.555613543875688412e-03
-4.793086558968063897e-04
-4.793086558968063897e-04
-4.793086558968083413e-04
-4.793086558968083413e-04
3.808668952434727736e-04
3.808668952434727736e-04
-1.693437072908869591e-03
-1.693437072908869591e-03
3.808668952434825315e-04
3.808668952434825315e-04
-1.693437072908874795e-03
-1.693437072908874795e-03
-1.385636170408897916e-03
-1.385636170408897916e-03
3.419047693323252687e-03
3.419047693323252687e-03
3.419047693323252254e-03
3.419047693323252254e-03
-5.521413099179374971e-03
-5.521413099179374971e-03
3.098979976338235055e-03
3.098979976338235055e-03
-3.098979976338238525e-03
-3.098979976338238525e-03
-1.366322172918121771e-03
-1.366322172918121771e-03
1.126848105424030355e-03
1.126848105424030355e-03
-2.285961995779732525e-04
-2.285961995779732525e-04
2.623386602089433986e-03
2.623386602089433986e-03
1.940199007998705521e-03
1.940199007998705521e-03
-2.623386602089433119e-03
-2.623386602089433119e-03
-1.940199007998705304e-03
-1.940199007998705304e-03
-8.901197963991688139e-04
-8.901197963991688139e-04
-3.613940820453836328e-04
-3.613940820453836328e-04
3.613940820453879696e-04
3.613940820453879696e-04
-2.533400241290006960e-03
-2.533400241290006960e-03
2.923865566541945619e-03
2.923865566541945619e-03
1.442918154276076137e-03
1.442918154276076137e-03
-1.445063152637994812e-03
-1.445063152637994812e-03
6.552473011306273257e-03
6.552473011306273257e-03
2.774376960807786903e-03
2.774376960807786903e-03
-6.552473011306273257e-03
-6.552473011306273257e-03
-2.774376960807787770e-03
-2.774376960807787770e-03
3.880617947730738340e-03
3.880617947730738340e-03
-5.709707519130093577e-04
-5.709707519130093577e-04
-2.430324424604808110e-03
-2.430324424604808110e-03
7.022259795457855280e-04
7.022259795457855280e-04
-1.331155541137147777e-03
-1.331155541137147777e-03
-3.138872692266437983e-04
-3.138872692266437983e-04
1.008306479206727297e-04
1.008306479206727297e-04
-1.553000210890977117e-03
-1.553000210890977117e-03
1.391389666296738740e-03
1.391389666296738740e-03
-1.685008019114108725e-03
-1.685008019114108725e-03
1.585865951441040207e-03
1.585865951441040207e-03
5.093933513005157159e-04
5.093933513005157159e-04
-1.162180320458456283e-03
-1.162180320458456283e-03
-1.066376369354853516e-03
-1.066376369354853516e-03
1.066374254611645927e-03
1.066374254611645927e-03
1.119374923457655199e-03
1.119374923457655199e-03
-1.798525517096334755e-03
-1.798525517096334755e-03
2.457403766613725123e-03
2.457403766613725123e-03
7.149610779418570303e-04
7.149610779418570303e-04
-2.457405431136933192e-03
-2.457405431136933192e-03
-7.149598161500606572e-04
-7.149598161500606572e-04
2.541433709498736298e-03
2.541433709498736298e-03
5.709707519130045872e-04
5.709707519130045872e-04
3.880617947730739641e-03
3.880617947730739641e-03
2.430324424604824590e-03
2.430324424604824590e-03
-7.022259795458024416e-04
-7.022259795458024416e-04
1.331155541137152764e-03
1.331155541137152764e-03
-3.138872692266449910e-04
-3.138872692266449910e-04
1.008306479206696939e-04
1.008306479206696939e-04
-1.391389666296743511e-03
-1.391389666296743511e-03
-1.553000210890981888e-03
-1.553000210890981888e-03
1.685008019114108508e-03
1.685008019114108508e-03
-1.585865951441041942e-03
-1.585865951441041942e-03
-5.093933513005017297e-04
-5.093933513005017297e-04
1.162180320458445441e-03
1.162180320458445441e-03
-1.066376369354855684e-03
-1.066376369354855684e-03
-1.066374254611650047e-03
-1.066374254611650047e-03
1.119374923457660403e-03
1.119374923457660403e-03
-1.798525517096335622e-03
-1.798525517096335622e-03
-2.457403766613725123e-03
-2.457403766613725123e-03
-7.149610779418560545e-04
-7.149610779418560545e-04
-2.457405431136935360e-03
-2.457405431136935360e-03
-7.149598161500602235e-04
-7.149598161500602235e-04
-2.541433709498740201e-03
-2.541433709498740201e-03
1.624120001751304127e-03
1.624120001751304127e-03
-1.322911005362009413e-03
-1.322911005362009413e-03
-3.996747437588594846e-03
-3.996747437588594846e-03
1.322911005361982958e-03
1.322911005361982958e-03
3.996747437588593979e-03
3.996747437588593979e-03
2.352528846096225632e-03
2.352528846096225632e-03
6.795239156749895192e-04
6.795239156749895192e-04
1.143097871197046832e-03
1.143097871197046832e-03
-1.143097871197047699e-03
-1.143097871197047699e-03
-1.649982177867394349e-03
-1.649982177867394349e-03
2.157867175228262834e-03
2.157867175228262834e-03
3.411288952761984926e-03
3.411288952761984926e-03
3.444232539496904812e-03
3.444232539496904812e-03
-3.411288952761981456e-03
-3.411288952761981456e-03
-3.444232539496909582e-03
-3.444232539496909582e-03
1.732809925188254219e-04
1.732809925188254219e-04
-2.946276158304650481e-03
-2.946276158304650481e-03
1.972513335292934433e-03
1.972513335292934433e-03
-1.972513335292931831e-03
-1.972513335292931831e-03
4.874318599062460108e-04
4.874318599062460108e-04
-7.382093084953981511e-04
-7.382093084953981511e-04
-2.913969488262202999e-03
-2.913969488262202999e-03
-1.140655026872941557e-03
-1.140655026872941557e-03
2.913969488262196927e-03
2.913969488262196927e-03
1.140655026872948279e-03
1.140655026872948279e-03
