1070767
-3968
266
-128
-16962
16963
3413
-1481
-8382
3954
11754
-11754
-2372
-3565
-3967
267
-127
-16963
16962
3414
-1481
-8382
3953
11755
-11754
-2372
-3564
-96212
61543
-2811
-16770
2469
17655
33004
-22021
-24090
-15787
5145
13570
8493
4993
-5317
-4462
-5763
2559
-5429
-3733
-12740
21930
4022
-6961
-8494
-4993
5317
-1285
1919
-26676
9290
7863
-2984
4719
-2755
-121
16075
-9287
9286
9991
-1216
-3946
-45190
10539
2083
6843
3040
11198
19851
-19851
21825
1385
-7937
8375
9291
-8902
-11691
4853
-991
6185
-9579
7097
-6529
9304
-9305
-5567
-3900
749
21929
-12741
-6961
4022
8493
4993
-5318
1919
-1284
61543
-96212
2811
16770
-2469
-17655
-22021
33004
24090
15787
-5145
-13570
8493
4993
-5317
4462
2559
-5763
5429
3733
-26676
9290
-7864
-2983
4719
-2755
121
16075
9287
9286
9991
-1216
3946
-45190
-10539
2083
6843
-3040
11198
19851
19851
21825
1385
7937
8375
9291
-8902
11691
4853
-991
6185
9579
-7097
-6529
-9304
-9305
-5567
-3900
-749
7863
-11691
-6434
4225
-2933
6180
-5027
4345
-2954
4978
-4978
-1959
-3009
410
-7864
11691
-6434
-4225
2933
-6180
-5027
4344
2955
4978
4978
1959
3009
410
-2812
2811
-10936
958
-7613
-4356
-2728
2727
-661
-2337
3215
423
2989
766
-767
2820
-2281
-13170
-13438
-1016
-12501
12502
-8543
5046
2226
6137
-2393
2393
4521
-1300
3924
-16770
16769
959
-6836
1944
5759
10482
-10481
-7829
-8169
1900
7700
-2564
-3796
3796
-4919
-3803
10539
-6746
-227
1031
4325
-2270
-6378
6379
-2703
-1982
1176
305
-10539
-6746
227
-1031
4325
2270
6378
6379
2703
1982
1176
-305
-13438
-16539
-6196
-13256
13256
-7274
6125
1614
6846
-4982
4983
5952
2549
3528
2470
-2469
-7613
1944
-5291
-4877
-4070
4070
2215
809
1830
-1359
2649
1798
-1797
3618
-355
-1016
-6196
-8528
-8486
8486
5310
988
3069
-1976
1975
2806
4053
-1117
-1811
3325
-226
-1221
-225
208
821
-12501
-13256
-8485
-24251
19114
-12079
10673
5691
11126
-226
-1222
-2817
2384
821
3584
879
1342
2083
227
-3654
-475
-4780
2492
-2892
-2893
-1356
-3635
642
510
-2984
4853
-4225
-3424
3463
-3957
4858
1553
1358
1358
862
1056
6843
-1032
-474
-5975
4171
-5311
-4428
-4427
-4478
-4336
-1296
943
12501
13255
8486
19115
-24250
12079
-10673
-5690
-11127
-226
-1221
2385
-2817
821
-3583
-880
-1341
3325
-1811
226
1222
208
-225
-820
2084
-226
-3655
-474
4781
2492
-2892
2892
-1356
-3635
-643
510
-2983
4854
4224
-3425
3463
-3957
-4858
1552
-1359
1358
862
1056
6843
1031
-475
-5974
-4172
-5311
-4427
4427
-4478
-4336
1296
943
3040
4325
4781
-4171
-7291
-6806
1726
-1726
-2461
2016
1168
-1360
-3040
4324
-4781
4171
-7291
6807
-1726
-1725
2462
-2016
1167
1360
-8544
-7274
-12079
12079
-21086
6170
19312
6049
7759
-7758
-6446
-1973
-445
17655
-17655
-4356
5760
-4877
-18450
-14615
14615
23141
2417
1925
-6781
-2955
-1356
1357
1406
2649
5046
6125
5311
10673
-10673
6170
-5056
-3765
-5370
-1088
1089
-975
-851
230
33004
-22021
-2728
10481
-4070
-14615
-19546
13914
16480
9280
151
-11223
-2623
-1172
2114
2575
3917
-2472
5509
4204
4021
-6962
-1916
3716
2623
1172
-2114
534
-912
4719
-990
-2934
3463
-3726
1264
3733
1803
-3888
1599
-1599
-2130
663
1685
11197
-2270
2491
-5312
-6806
-6739
-5149
5149
-6096
-808
2981
-1928
-2755
6185
6180
-3956
1265
-4708
4372
-5646
2362
-4013
4012
2405
2845
342
-6962
4021
3716
-1916
-2623
-1172
2114
-911
535
-22021
33004
2727
-10482
4070
14615
13914
-19546
-16480
-9280
-151
11223
-2623
-1172
2114
-2575
-2471
3917
-5510
-4203
4720
-990
2934
3463
-3726
1264
-3733
-1803
-3888
-1599
-1599
-2130
663
-1685
11197
2270
2491
-5311
6807
-6739
-5149
-5149
-6096
-808
-2981
-1928
-2755
6185
-6180
-3956
1264
-4709
-4372
5645
2363
4013
4012
2405
2845
-342
-9579
-5027
3733
4373
-6141
2626
881
3933
-3933
-409
-3849
-220
9579
-5027
-3733
-4373
-6141
2626
-881
3933
3933
409
3849
-220
-24089
24090
-660
-7829
2214
23142
16480
-16481
-34588
-6639
1197
9924
6894
1480
-1480
-1293
-6934
2226
1614
988
5691
-5690
19312
-3765
-19836
-3227
-9383
9384
9735
3677
-15787
15787
-2337
-8169
809
2417
9280
-9280
-6639
-10991
4684
9638
-3233
-5627
5627
-7128
-6089
-121
7097
4344
-4858
1803
-5645
2626
-5092
862
-2553
2553
1325
2931
393
121
-7097
4344
4858
-1803
5645
2626
-5092
-862
-2553
-2553
-1325
-2930
394
5145
-5146
3215
1901
1830
1925
151
-150
1197
4684
-2780
-2095
-221
755
-754
575
2652
6136
6845
3069
11127
-11127
6050
-5369
-3227
-5439
1118
-1117
-1839
439
-1669
13570
-13570
423
7699
-1360
-6781
-11222
11223
9924
9639
-2095
-9944
2059
4233
-4234
5956
5977
19851
-6379
-2892
-4428
1725
-5149
-14108
8506
-9370
-5576
3113
-999
19851
6379
-2892
-4427
-1726
-5149
-14107
-8506
-9371
-5575
-3114
-998
-226
-226
-1984
1504
-2198
-2199
-3614
8493
8493
-2624
-2623
-5430
-3553
4104
197
198
-1221
-1222
1503
-6375
-1878
-1878
5657
19851
6379
-2893
-4427
-1725
-5149
-8506
-14108
-9371
-5575
-3114
-998
-19851
6379
2892
4427
-1726
5149
8505
-14108
9371
5576
-3113
998
-226
226
-1984
1504
-2199
2199
-3613
-8494
8493
2624
-2623
-5430
-3552
4104
-198
197
-1222
1222
1503
-6375
-1878
1877
5658
-225
208
-2199
-1878
-1691
2384
-994
-2394
-4982
-1976
-2817
2384
7759
-1088
-9384
1118
-2199
-1877
-13126
9051
-994
5187
4017
870
21825
2703
-1356
-4478
2462
-6096
-9371
-9371
-13659
-2001
-2160
-6406
16076
-6528
2954
1553
-3889
2362
-882
-862
-10453
-4828
-4828
-7661
1427
-1342
1385
1982
-3635
-4336
-2016
-808
-5575
-5576
-2001
-8568
906
3444
2394
4982
1976
2384
-2817
-7758
1089
9384
-1118
-2198
-1878
9050
-13127
-994
-5187
-4017
-870
208
-225
2199
1877
2384
-1692
994
21825
-2703
-1356
-4479
-2461
-6096
-9371
9371
-13659
-2001
2161
-6406
16075
-6528
-2955
1553
-3888
2363
881
862
-10453
4828
-4828
-7661
1428
1341
1386
-1981
-3635
-4336
2016
-808
-5576
5575
-2001
-8568
-906
3445
9286
-9305
4978
1358
-1599
4013
3932
-2553
-4828
-6127
-3095
-3364
-1739
-1085
-9287
9304
4978
-1359
1599
-4012
3933
-2553
4828
-6126
3096
3364
1738
-1086
-4993
4993
1171
-1172
-3552
-2294
2480
609
-608
821
-821
-3613
5658
-994
994
-5074
5318
-5317
-2114
2114
4104
2480
-3269
937
-936
9287
-9304
-4978
1359
-1599
4012
-3933
2553
-4828
3095
-6127
-3364
-1738
1086
9286
-9305
4978
1358
-1599
4013
3932
-2553
-4828
-3096
-6126
-3364
-1739
-1085
4993
4993
-1172
-1171
-3553
-2293
2480
-609
-609
820
821
-3614
5657
-994
-994
-5074
-5318
-5317
2114
2114
4103
2481
-3269
-937
-936
-7936
1177
-642
1296
1168
2980
3114
-3113
2161
-906
-2430
219
7936
1177
642
-1296
1168
-2980
-3114
-3113
-2161
905
-2431
-218
4521
5953
2805
3584
-3584
-6447
-974
9735
-1839
5187
-5188
-8607
-1429
-4306
-4462
4461
2988
-2564
2649
-2955
2575
-2575
6895
-3232
-221
2060
-6194
-2631
2631
-4853
707
-1300
2549
4053
880
-879
-1973
-851
439
4017
-4017
-1429
-4719
1534
-5763
2560
766
-3796
1798
-1356
3918
-2471
1480
-5627
755
4233
198
-608
-937
-2631
-4399
2846
-3377
-1883
-1284
1920
534
-911
-198
608
937
-528
1025
9991
-5567
-1959
862
-2130
2405
-409
1325
-7661
3365
-3364
-6005
428
8376
304
511
942
-1360
-1928
-998
998
-6406
3445
218
-5338
-1215
-3900
-3009
1055
664
2845
-3849
2930
1428
1738
-1738
428
-2786
-604
1919
-1284
-911
535
197
-609
-937
1025
-527
2560
-5763
-766
3796
-1798
1356
-2472
3917
-1480
5627
-754
-4234
197
-609
-936
2632
2846
-4399
3377
1883
9991
-5567
1959
862
-2130
2405
409
-1325
-7662
-3364
-3364
-6005
428
8376
-304
511
942
1360
-1928
-998
-998
-6406
3445
-218
-5338
-1216
-3899
3009
1055
664
2845
3849
-2930
1428
-1738
-1739
428
-2785
604
-3945
749
411
1684
341
-220
393
1342
-1085
1086
-604
-973
3945
-749
411
-1684
-342
-219
393
-1342
-1086
-1085
604
-973
-5429
5429
2821
-4919
3618
1405
5510
-5509
-1293
-7128
575
5956
-4853
-3377
3377
-7937
-3550
3924
3528
-1117
1342
-1341
-445
230
3677
-1669
870
-871
-4306
1535
-3641
-3733
3733
-2282
-3803
-355
2649
4204
-4203
-6934
-6089
2652
5978
707
-1882
1883
-3551
-5622
39613
39613
-10674
-10675
-5078
-5079
10674
10675
5078
5079
-8069
-8069
8070
8069
5826
5826
-2959
-2960
-5067
-5067
1990
1990
8276
8277
13482
13483
7454
7455
-5067
-5067
1990
1990
-8276
-8277
-13482
-13482
-7455
-7455
-15790
-15790
14615
14615
-14616
-14615
4188
4187
-714
-714
6167
6168
-7298
-7298
6502
6502
7298
7298
-6502
-6501
-1765
-1765
15059
15059
-206
-206
-4302
-4302
1800
1800
-972
-972
1355
1354
7809
7808
-15059
-15059
-1765
-1765
205
206
4302
4302
-1800
-1801
-972
-971
1355
1355
-7808
-7808
10198
10198
-24082
-24082
-6207
-6208
24081
24082
6207
6208
5491
5492
-600
-601
-179
-178
5580
5580
-5581
-5580
-3830
-3830
6181
6182
12747
12748
4907
4908
-12747
-12748
-4907
-4907
5266
5266
6473
6473
-5266
-5266
-6473
-6473
-1478
-1478
5015
5016
-4428
-4428
6269
6269
-6268
-6269
4124
4125
-1411
-1411
-1653
-1652
-5577
-5578
1652
1652
5578
5578
5240
5241
-11358
-11357
-11358
-11358
2667
2667
3205
3206
2666
2667
3206
3205
2525
2525
2526
2525
11358
11358
-11357
-11358
2667
2667
3205
3206
-2666
-2667
-3206
-3205
-2525
-2525
2526
2525
17011
17011
-5750
-5750
7914
7914
5347
5348
7686
7686
3957
3956
843
843
2176
2177
-5297
-5297
-927
-928
2208
2208
-3171
-3171
8502
8502
-1980
-1981
-7172
-7171
-3698
-3698
-7172
-7172
-3697
-3698
-5750
-5750
7914
7914
-5348
-5347
-7686
-7686
-3957
-3956
-2176
-2177
843
843
5297
5297
927
928
2208
2208
-3171
-3171
-8502
-8502
1981
1980
-7172
-7172
-3697
-3698
7172
7172
3697
3698
-6667
-6666
4293
4294
-3987
-3987
-4294
-4293
3987
3987
-538
-537
538
537
-427
-427
1899
1899
427
427
-1899
-1899
-1554
-1553
3834
3834
-3834
-3834
-4294
-4293
3987
3987
-4294
-4294
3987
3987
-537
-537
-538
-537
427
428
-1898
-1899
427
427
-1899
-1899
-1554
-1554
3834
3834
3833
3834
-6192
-6191
3475
3475
-3475
-3475
-1532
-1532
1264
1263
-257
-256
2942
2941
2176
2175
-2942
-2942
-2175
-2176
-998
-998
-405
-406
405
405
-2841
-2841
3278
3279
1618
1618
-1620
-1621
7347
7348
3111
3111
-7347
-7348
-3111
-3111
4351
4351
-641
-640
-2725
-2725
788
787
-1493
-1492
-352
-352
113
114
-1741
-1741
1561
1560
-1889
-1890
1778
1778
571
572
-1303
-1303
-1196
-1196
1195
1196
1255
1255
-2017
-2017
2755
2756
802
801
-2756
-2756
-801
-802
2850
2850
640
640
4351
4352
2725
2725
-788
-787
1493
1492
-352
-352
113
114
-1560
-1560
-1741
-1742
1889
1890
-1778
-1778
-571
-572
1303
1303
-1196
-1196
-1195
-1196
1255
1255
-2017
-2017
-2755
-2756
-802
-801
-2756
-2756
-801
-802
-2850
-2850
1821
1821
-1483
-1484
-4481
-4482
1483
1484
4482
4481
2638
2638
762
762
1282
1282
-1281
-1282
-1850
-1851
2419
2420
3825
3825
3862
3863
-3825
-3825
-3862
-3862
194
195
-3303
-3304
2212
2212
-2212
-2212
546
547
-827
-828
-3268
-3267
-1279
-1279
3268
3267
1279
1279
