107077
-397
27
-12
-1697
1696
341
-148
-838
396
1175
-1176
-237
-356
-397
27
-12
-1697
1696
341
-148
-839
395
1175
-1176
-237
-356
-9622
6154
-281
-1677
247
1765
3301
-2202
-2409
-1579
514
1357
849
500
-531
-447
-576
256
-543
-373
-1274
2193
402
-696
-850
-499
532
-128
192
-2668
929
786
-298
472
-276
-12
1607
-929
929
999
-121
-395
-4519
1054
208
685
304
1119
1985
-1986
2182
139
-793
838
929
-890
-1169
485
-100
618
-958
710
-653
930
-930
-557
-390
75
2193
-1274
-696
402
850
499
-532
192
-128
6154
-9622
281
1677
-247
-1765
-2202
3301
2409
1578
-515
-1357
849
499
-532
446
256
-576
543
374
-2667
929
-787
-298
472
-275
12
1608
929
928
999
-122
395
-4519
-1053
209
684
-304
1120
1985
1985
2183
138
794
837
929
-891
1169
485
-99
619
957
-710
-653
-930
-931
-557
-390
-75
786
-1169
-643
423
-293
618
-503
434
-296
498
-497
-196
-301
41
-787
1169
-643
-423
293
-618
-503
434
295
498
498
196
301
41
-281
281
-1094
96
-761
-435
-273
273
-66
-234
321
43
298
77
-77
282
-228
-1317
-1344
-101
-1250
1251
-854
504
223
614
-239
239
452
-130
393
-1677
1677
96
-683
195
576
1048
-1048
-783
-817
190
770
-256
-380
379
-492
-380
1054
-675
-23
103
432
-227
-638
638
-270
-198
118
31
-1053
-675
23
-103
432
227
638
638
270
199
117
-31
-1343
-1654
-620
-1326
1325
-728
612
161
685
-498
499
595
255
352
247
-247
-762
194
-529
-488
-407
407
221
81
183
-136
265
180
-180
361
-36
-101
-620
-853
-848
849
531
99
307
-197
198
280
406
-111
-182
332
-23
-122
-22
21
82
-1250
-1326
-848
-2425
1912
-1208
1067
569
1113
-22
-123
-281
239
82
358
88
134
209
22
-366
-47
-478
249
-290
-289
-135
-364
64
51
-299
485
-422
-343
346
-396
486
155
136
135
87
105
685
-103
-47
-598
417
-531
-443
-442
-448
-434
-129
95
1250
1325
849
1911
-2425
1208
-1068
-569
-1112
-23
-122
238
-282
82
-359
-88
-134
332
-181
23
122
21
-22
-82
209
-22
-366
-47
478
250
-289
289
-136
-363
-64
51
-299
485
422
-343
346
-396
-486
155
-136
136
86
105
685
103
-47
-598
-417
-531
-443
442
-448
-434
129
95
304
432
478
-417
-730
-680
173
-172
-246
202
117
-136
-304
432
-478
417
-730
680
-173
-172
247
-201
117
136
-854
-728
-1208
1207
-2109
617
1931
605
776
-776
-644
-198
-44
1766
-1765
-436
576
-488
-1845
-1461
1462
2314
241
193
-678
-295
-136
136
140
265
505
612
531
1068
-1067
617
-506
-376
-537
-109
109
-97
-85
23
3301
-2202
-273
1048
-407
-1461
-1955
1391
1648
928
15
-1123
-262
-117
212
257
392
-247
551
420
402
-697
-191
372
262
117
-212
53
-91
472
-99
-294
346
-373
126
373
181
-388
160
-160
-213
66
169
1120
-227
249
-531
-681
-673
-515
515
-610
-81
298
-193
-275
619
618
-395
127
-470
438
-564
236
-402
401
240
285
34
-696
402
372
-192
-262
-117
212
-91
53
-2202
3301
272
-1049
407
1461
1391
-1955
-1648
-928
-15
1122
-263
-117
211
-258
-247
392
-551
-420
472
-99
293
347
-372
127
-373
-180
-389
-160
-160
-213
66
-169
1119
227
249
-532
680
-674
-515
-515
-610
-80
-298
-193
-276
618
-618
-396
126
-471
-437
565
236
401
402
240
285
-34
-958
-502
374
437
-614
263
88
393
-393
-41
-385
-22
958
-503
-373
-437
-615
262
-88
394
393
41
385
-22
-2409
2409
-66
-782
222
2314
1648
-1648
-3459
-664
120
992
689
148
-148
-130
-693
223
161
99
569
-569
1931
-377
-1983
-323
-938
939
973
368
-1579
1578
-234
-817
81
241
928
-928
-664
-1099
469
964
-323
-563
562
-713
-609
-12
710
434
-486
180
-565
262
-510
86
-255
255
133
293
39
12
-710
435
485
-181
564
263
-509
-86
-255
-256
-132
-293
40
514
-515
321
190
183
193
15
-15
120
468
-278
-210
-22
75
-76
57
265
614
684
307
1113
-1113
605
-537
-322
-544
112
-112
-184
43
-167
1357
-1357
43
770
-136
-678
-1122
1122
993
963
-210
-994
206
424
-423
596
597
1985
-638
-289
-443
173
-515
-1410
851
-937
-558
311
-100
1985
638
-289
-443
-172
-515
-1411
-851
-937
-557
-312
-99
-23
-23
-198
150
-220
-220
-361
850
849
-262
-263
-543
-355
410
20
20
-122
-122
151
-637
-188
-188
565
1985
638
-290
-442
-173
-515
-850
-1411
-937
-558
-311
-100
-1985
638
289
443
-172
515
851
-1411
937
557
-312
99
-23
23
-198
150
-220
220
-362
-849
849
263
-262
-543
-355
411
-19
20
-122
122
151
-637
-188
188
566
-22
21
-220
-188
-169
238
-99
-240
-498
-198
-281
239
776
-108
-939
112
-220
-187
-1313
905
-99
519
402
87
2182
271
-135
-448
246
-610
-937
-937
-1366
-200
-216
-641
1607
-653
295
156
-389
236
-88
-86
-1045
-483
-483
-766
143
-134
139
198
-363
-434
-201
-81
-558
-557
-200
-857
91
344
240
498
197
239
-282
-775
109
939
-111
-220
-188
905
-1313
-99
-519
-402
-87
20
-23
220
187
239
-169
99
2183
-270
-136
-448
-246
-609
-938
937
-1366
-200
216
-640
1608
-653
-295
155
-389
237
88
86
-1045
483
-483
-766
143
134
138
-198
-364
-434
201
-81
-558
557
-200
-857
-91
344
929
-930
498
136
-160
401
393
-255
-483
-613
-309
-337
-174
-108
-929
930
498
-136
160
-401
393
-256
483
-612
310
336
174
-109
-499
499
117
-117
-356
-229
248
61
-61
82
-82
-361
566
-99
100
-507
532
-532
-211
212
410
248
-327
94
-93
929
-930
-498
136
-160
401
-393
256
-482
310
-613
-336
-174
108
929
-931
497
136
-160
401
394
-255
-483
-309
-613
-336
-174
-109
499
499
-117
-118
-355
-229
248
-61
-61
82
82
-361
566
-100
-99
-507
-532
-532
211
212
410
248
-327
-94
-93
-794
118
-64
129
117
298
312
-311
216
-91
-243
21
794
118
64
-130
116
-298
-312
-311
-216
91
-243
-22
452
595
280
359
-358
-645
-97
974
-184
518
-519
-861
-143
-430
-447
446
299
-256
265
-295
258
-257
690
-323
-22
206
-620
-263
263
-485
71
-130
255
405
88
-88
-197
-85
44
402
-402
-142
-472
154
-576
256
77
-379
180
-136
391
-248
148
-562
76
423
20
-61
-93
-263
-440
285
-338
-188
-128
192
54
-91
-20
60
94
-53
102
1000
-556
-196
86
-213
241
-41
132
-766
337
-336
-601
43
837
31
51
94
-136
-193
-99
100
-641
344
22
-534
-121
-390
-301
106
66
285
-385
293
142
174
-174
43
-278
-61
192
-128
-91
54
19
-61
-94
103
-52
256
-577
-76
380
-180
135
-247
392
-148
563
-75
-424
19
-61
-94
263
285
-439
338
188
1000
-556
196
86
-213
241
41
-132
-766
-337
-336
-601
43
837
-31
51
94
136
-193
-99
-100
-641
344
-22
-534
-122
-389
301
106
66
285
385
-293
142
-174
-174
43
-278
61
-394
75
41
169
34
-22
39
134
-109
108
-61
-97
395
-75
41
-168
-34
-22
39
-135
-108
-109
60
-97
-543
543
282
-492
362
141
551
-550
-130
-713
57
596
-485
-338
337
-794
-355
392
353
-112
134
-134
-45
23
367
-167
87
-87
-431
154
-364
-373
373
-228
-381
-35
265
421
-420
-693
-609
265
598
71
-188
188
-355
-563
3961
3961
-1068
-1067
-508
-508
1067
1068
508
507
-807
-807
807
807
583
582
-296
-296
-507
-507
199
199
827
828
1348
1348
746
745
-507
-507
199
199
-827
-828
-1348
-1348
-746
-745
-1579
-1579
1462
1461
-1462
-1462
418
419
-71
-72
617
616
-730
-730
650
650
730
730
-650
-650
-177
-176
1506
1506
-21
-20
-430
-431
180
180
-97
-97
136
135
781
781
-1506
-1505
-177
-176
21
21
430
430
-180
-180
-97
-97
136
135
-781
-781
1020
1020
-2408
-2408
-621
-620
2409
2408
620
621
549
550
-60
-60
-18
-17
558
558
-558
-558
-383
-383
619
618
1274
1275
491
491
-1274
-1275
-491
-491
526
527
647
647
-527
-527
-647
-647
-148
-148
501
502
-443
-443
626
627
-627
-627
412
413
-141
-141
-165
-166
-557
-558
165
166
557
558
524
524
-1136
-1136
-1136
-1135
267
267
320
321
266
267
321
320
253
252
253
252
1136
1136
-1136
-1135
267
267
320
321
-267
-266
-321
-320
-253
-252
253
252
1702
1701
-575
-575
791
791
535
535
769
768
396
395
85
84
218
217
-530
-530
-92
-93
221
221
-317
-317
850
850
-198
-199
-717
-717
-370
-369
-718
-717
-370
-369
-575
-575
792
791
-535
-535
-768
-769
-396
-395
-218
-217
85
84
530
529
93
93
221
221
-317
-317
-850
-850
198
198
-717
-718
-369
-370
717
718
369
370
-667
-666
430
429
-399
-398
-430
-429
399
399
-53
-54
54
54
-42
-43
190
190
42
43
-190
-190
-155
-156
383
383
-384
-383
-430
-429
399
398
-430
-429
399
399
-53
-54
-54
-53
43
43
-190
-190
42
43
-190
-190
-155
-156
383
383
384
383
-619
-619
348
347
-348
-347
-154
-153
126
127
-25
-26
294
294
218
217
-294
-295
-217
-218
-100
-99
-41
-40
41
40
-285
-284
327
328
162
162
-162
-162
735
735
311
311
-734
-735
-311
-311
436
435
-64
-64
-272
-273
79
78
-150
-149
-35
-35
11
12
-174
-174
156
156
-189
-189
178
178
57
57
-130
-131
-119
-120
119
120
125
126
-202
-201
276
275
81
80
-275
-276
-80
-80
285
285
64
64
435
435
273
272
-79
-79
149
149
-36
-35
11
12
-156
-156
-174
-174
189
189
-178
-177
-57
-58
130
130
-120
-119
-120
-120
125
126
-201
-202
-275
-276
-80
-80
-276
-276
-80
-80
-285
-285
182
182
-148
-149
-448
-448
148
149
448
448
264
264
76
76
128
128
-129
-128
-185
-185
242
242
382
383
386
386
-383
-382
-386
-387
19
20
-330
-330
221
222
-221
-221
55
54
-83
-83
-327
-326
-128
-128
327
327
128
127
