-8.381728172699530743e-01
1.751320839409845412e-02
3.824928132376665540e-02
-3.824928132376665540e-02
-4.126057741272162391e-03
-7.356786156417786417e-03
3.105422894610739698e-03
-2.981329285548128816e-02
-2.592739924446473086e-03
-4.166636332473564667e-04
3.789527903671182155e-03
2.136393289514409077e-04
-2.189552527948690399e-03
2.189552527948743308e-03
-5.319420403757996922e-04
1.751320839409845412e-02
3.824928132376665540e-02
-3.824928132376665540e-02
-4.126057741272162391e-03
-7.356786156417786417e-03
3.105422894610739698e-03
-2.981329285548128816e-02
-2.592739924446473086e-03
-4.166636332473564667e-04
3.789527903671182155e-03
2.136393289514409077e-04
-2.189552527948690399e-03
2.189552527948743308e-03
-5.319420403757996922e-04
2.460086169701394543e-01
-9.194631726413632355e-02
7.869195606270748544e-02
1.014826318512594000e-02
-1.464163887101907133e-02
6.454117040844201819e-03
-1.415209180884740604e-02
-3.124478756703838456e-02
1.649712341767401932e-02
-3.206926059279351961e-03
-3.682085114341774636e-03
-3.931377157285033744e-03
5.886348556240694578e-03
-8.336004389300455744e-03
-1.463165401543695208e-03
7.964097725525698390e-03
8.464201615258747785e-04
7.705294865157271680e-04
3.309503524469416887e-04
-5.084939324410837728e-03
2.457787828587074119e-02
-1.294759191579748225e-01
-2.556460059786571943e-03
1.219075003867735839e-02
8.335779984593259112e-03
1.463143130030105038e-03
-7.963854964392409058e-03
2.244773782736319266e-04
-1.392321577501281354e-03
2.264468417214497709e-02
-4.481646467223363885e-03
6.962847624500423382e-02
2.559217356460113946e-03
-9.403325326836495940e-03
-2.672374264385883776e-03
1.464250247353732497e-04
-2.800611411748331336e-03
-8.042027286312831286e-03
2.929639317168885714e-03
-2.929626765986519284e-03
-3.757799385356440803e-03
7.214317317298911576e-03
2.711863080255566202e-03
2.564579419204688834e-02
4.379151911292845402e-03
-8.035982708441311365e-03
-1.006302712239962559e-02
-7.592791177255774938e-03
-2.004272660087606621e-03
1.105959395277007588e-02
-1.601001711496358518e-02
-3.550451500436686380e-04
-1.629002518559928211e-02
1.628986090664830133e-02
-1.886166728662399617e-03
-4.481646467223363885e-03
1.633544286667453979e-02
1.629339014926680859e-02
-9.531540772699831007e-03
5.310280326661138799e-03
-7.281291561830821948e-04
-6.324801532278077204e-03
4.401551755040214345e-04
1.182644372019798053e-03
-1.463214265211078800e-02
1.463232754929189722e-02
1.372855691225247261e-02
6.745734397452111996e-04
-7.860756650014526573e-03
-1.294759191579748225e-01
2.457787828587065793e-02
1.219075003867729767e-02
-2.556460059786583219e-03
-8.335779984593257377e-03
-1.463143130030104388e-03
7.963854964392407323e-03
-1.392321577501284173e-03
2.244773782736309779e-04
-9.194631726413632355e-02
2.460086169701391490e-01
-7.869195606270755483e-02
-1.014826318512593653e-02
1.464163887101906959e-02
-6.454117040844197482e-03
1.415209180884739563e-02
1.649712341767397075e-02
-3.124478756703842619e-02
3.206926059279352828e-03
3.682085114341767697e-03
3.931377157285029407e-03
-5.886348556240693711e-03
-8.336004389300454009e-03
-1.463165401543695208e-03
7.964097725525698390e-03
7.705294865157263006e-04
8.464201615258718512e-04
-3.309503524469433692e-04
5.084939324410835994e-03
2.264468417214502219e-02
-4.481646467223363885e-03
-6.962847624500424770e-02
2.559217356460113946e-03
9.403325326836489001e-03
-2.672374264385895051e-03
1.464250247353731413e-04
2.800611411748330903e-03
-8.042027286312833020e-03
-2.929639317168884413e-03
-2.929626765986519284e-03
-3.757799385356442104e-03
7.214317317298915046e-03
-2.711863080255567070e-03
2.564579419204686406e-02
4.379151911292848871e-03
-8.035982708441307895e-03
1.006302712239961344e-02
-7.592791177255781877e-03
2.004272660087604886e-03
-1.105959395277007241e-02
-1.601001711496359559e-02
-3.550451500436690717e-04
-1.629002518559927865e-02
-1.628986090664829092e-02
-1.886166728662401785e-03
-4.481646467223363885e-03
1.633544286667453979e-02
-1.629339014926679818e-02
-9.531540772699825803e-03
-5.310280326661133594e-03
-7.281291561830844717e-04
-6.324801532278082408e-03
-4.401551755040243076e-04
1.182644372019797619e-03
1.463214265211078627e-02
1.463232754929189201e-02
1.372855691225247782e-02
6.745734397452102238e-04
7.860756650014524838e-03
6.962847624500423382e-02
1.629339014926680859e-02
2.325702392632642002e-02
-9.506478983592260871e-04
-1.620818093655425861e-03
-7.688384436029308509e-03
-3.937122365544020765e-03
-4.170886418488212459e-04
-7.707491378172556980e-03
-1.600024608125149650e-03
1.599950613352087592e-03
1.139804229296961530e-03
7.700061576233706816e-03
-3.230381634143208048e-04
-6.962847624500424770e-02
-1.629339014926679818e-02
2.325702392632643042e-02
9.506478983592227261e-04
-1.620818093655428029e-03
7.688384436029335398e-03
3.937122365544029438e-03
-4.170886418488205412e-04
7.707491378172563051e-03
-1.600024608125149433e-03
-1.599950613352089978e-03
-1.139804229296960663e-03
-7.700061576233710285e-03
-3.230381634143202627e-04
7.869195606270748544e-02
-7.869195606270755483e-02
1.368040851436085892e-01
1.306142273741104330e-02
-2.312197154043941355e-02
4.080297342266517302e-03
-1.352622258676861727e-02
-1.654307905597358214e-02
1.654307905597362377e-02
-1.616550264893444871e-03
-5.487843715278794589e-03
-1.155722147930462670e-02
-8.243213090270826507e-03
-2.441987521330675308e-03
2.441987521330678344e-03
-2.493086005705087704e-03
5.523986953871053152e-03
2.663974120297840642e-02
6.435955622839082974e-04
-6.435955622839165374e-04
-5.076428648463631767e-03
-5.241274571356605884e-03
-2.659197603469660390e-03
5.630543379191995735e-04
-8.034516382419776628e-03
-2.295563963692516009e-03
-1.791602526650970181e-02
2.469886076601620034e-04
1.604259860392910630e-02
-1.604259860392909243e-02
-2.420071427965421115e-03
1.014826318512594000e-02
-1.014826318512593480e-02
1.306142273741104330e-02
2.154236923281127591e-02
-9.396064708606301653e-04
-3.808140087906111866e-03
-3.786723046703248559e-03
-6.387873656554144894e-03
6.387873656554152700e-03
-9.900937464359500784e-03
-1.246623262080746863e-02
-4.466091130325199575e-03
2.251466486181038281e-03
1.345551206374940960e-02
-1.345551206374941654e-02
1.172609602109163547e-02
-2.627792209663344625e-04
3.900828332673063749e-04
1.368089149061457472e-03
-5.187032169169166634e-05
-1.039852925949932524e-04
-5.330361963369162044e-04
1.272055389809632724e-03
-1.331940488942373775e-03
6.435955622839082974e-04
1.110197729348009511e-02
-1.208003652299660495e-02
9.054374142714651311e-03
3.156974079827435352e-03
-1.299349394245376613e-02
-1.134534026545662606e-02
-2.598222508130612531e-03
-7.692605004247996849e-03
-4.821963388442120774e-04
1.363473492782377758e-04
3.128645005905086526e-04
-2.607002084344263969e-04
-5.330284879608020339e-04
1.272094659208880714e-03
-1.331970718606202567e-03
-2.509963346650045078e-03
4.379151911292848871e-03
1.464515253316009012e-03
-5.551369849814280369e-04
8.535683210517110110e-04
-9.922602051984133996e-04
-5.862650597439820989e-04
-1.021100033725675727e-03
-2.206749764365377453e-03
8.420155751845915734e-04
-1.579687859834890112e-03
-1.579685094468543174e-03
-1.258761179796324264e-03
2.559217356460113946e-03
-9.531540772699824068e-03
9.506478983592228345e-04
4.947785564249911235e-03
3.522343149844521168e-03
-7.708737839144455539e-04
4.969774553522783751e-03
-2.585630857010204776e-03
-7.474361644969874062e-04
-3.091053920752358762e-03
-3.091101177444560959e-03
-3.122412784858938448e-03
5.404595722476926694e-04
-2.268869302508106853e-03
-8.035982708441307895e-03
-5.551369849814280369e-04
5.046698799527923537e-03
-5.852581116579907115e-03
4.949656997995004540e-03
-1.178739604572797469e-03
1.201155996834917103e-03
2.161959070394187197e-03
-3.641036822540296455e-04
2.362644209886316342e-03
2.362598772271551437e-03
1.086465125102501275e-03
-6.435955622839163205e-04
-1.208003652299660495e-02
1.110197729348007430e-02
-9.054374142714646106e-03
-3.156974079827436219e-03
1.299349394245376613e-02
1.134534026545663300e-02
2.598222508130611230e-03
7.692605004247984705e-03
4.821963388442154384e-04
-1.363473492782388329e-04
-2.607002084344295411e-04
3.128645005905125558e-04
-5.330284879608018170e-04
1.272094659208882015e-03
-1.331970718606203868e-03
2.509963346650043777e-03
1.368089149061457472e-03
3.900828332673061038e-04
-1.039852925949932388e-04
-5.187032169169155114e-05
5.330361963369162044e-04
-1.272055389809632940e-03
1.331940488942373558e-03
4.379151911292846269e-03
1.464515253316009879e-03
-5.551369849814280369e-04
-8.535683210517133962e-04
-9.922602051984107975e-04
5.862650597439790631e-04
1.021100033725675510e-03
-2.206749764365375285e-03
8.420155751845928745e-04
-1.579687859834888811e-03
1.579685094468542524e-03
-1.258761179796324481e-03
2.559217356460114379e-03
-9.531540772699832742e-03
-9.506478983592258703e-04
4.947785564249910367e-03
-3.522343149844520734e-03
-7.708737839144442529e-04
4.969774553522781149e-03
2.585630857010204342e-03
-7.474361644969865388e-04
3.091053920752359629e-03
-3.091101177444560959e-03
-3.122412784858938015e-03
5.404595722476908263e-04
2.268869302508106853e-03
-8.035982708441311365e-03
-5.551369849814279285e-04
5.046698799527925272e-03
5.852581116579906248e-03
4.949656997994998468e-03
1.178739604572797252e-03
-1.201155996834917536e-03
2.161959070394188498e-03
-3.641036822540290492e-04
2.362644209886317209e-03
-2.362598772271553172e-03
1.086465125102498456e-03
-9.403325326836495940e-03
5.310280326661138799e-03
-1.620818093655425427e-03
-3.522343149844520734e-03
1.793929752759591519e-03
2.206197167224992987e-03
-3.205890657864358343e-03
-1.113554520487627496e-03
1.302865498916934515e-03
-9.878086385594626439e-04
9.877643786215433222e-04
1.168814866210323312e-03
-1.348216934376485644e-03
-8.135907761767413636e-04
9.403325326836489001e-03
-5.310280326661133594e-03
-1.620818093655427812e-03
3.522343149844522469e-03
1.793929752759590868e-03
-2.206197167224996022e-03
3.205890657864358343e-03
-1.113554520487629448e-03
-1.302865498916933864e-03
-9.878086385594622102e-04
-9.877643786215437559e-04
-1.168814866210323312e-03
1.348216934376486728e-03
-8.135907761767417973e-04
-1.464163887101907306e-02
1.464163887101906959e-02
-2.312197154043941355e-02
-9.396064708606312495e-04
1.351552573633988015e-02
-7.579348098729927520e-03
1.057362903079463179e-02
9.480471661383806092e-03
-9.480471661383816501e-03
-3.079354283520186787e-03
1.577258487213215304e-03
5.107047346175533527e-03
1.742458128907624923e-03
1.075464953520112845e-03
-1.075464953520114363e-03
1.403907353839654870e-03
-5.554829370603790988e-04
-5.076428648463632634e-03
9.054374142714651311e-03
-9.054374142714646106e-03
7.962518349613569024e-03
6.544566526709300232e-03
-6.642175686003546665e-03
-8.411139768278860437e-03
2.882114423557950288e-03
-2.737241872952220993e-03
2.999081377458019063e-03
2.534931802785507482e-04
-2.332930681726755329e-03
2.332930681726754461e-03
-4.868705681208525325e-04
6.454117040844201819e-03
-6.454117040844196615e-03
4.080297342266518169e-03
-3.808140087906110565e-03
-7.579348098729927520e-03
4.902116846108307315e-03
-5.136318227480399061e-03
-5.576666247432237114e-03
5.576666247432242318e-03
3.664229672122654158e-03
1.758457109271955362e-03
-1.245934299081272959e-03
1.255801740739470162e-04
-2.879179240100472430e-03
2.879179240100474164e-03
-2.800940897421242814e-03
-9.823043909835010336e-04
-1.006302712239962559e-02
-8.535683210517132878e-04
5.852581116579906248e-03
4.999251827377314793e-03
6.182753389609062927e-03
1.271000444015469568e-03
-3.396578199429301122e-04
7.104649359777928360e-04
-2.355519227262356716e-05
8.785941083992984462e-04
-8.786400173895066949e-04
5.622315040294447591e-04
1.006302712239961344e-02
8.535683210517110110e-04
-5.852581116579905381e-03
4.999251827377316527e-03
-6.182753389609065529e-03
1.271000444015470653e-03
-3.396578199429302206e-04
-7.104649359777911012e-04
2.355519227262320125e-05
-8.785941083992967115e-04
-8.786400173895057191e-04
-5.622315040294457349e-04
-5.241274571356606751e-03
3.156974079827435352e-03
-3.156974079827436219e-03
6.544566526709299364e-03
6.118875417971356492e-03
-2.169476874285785738e-03
-2.839602005108406418e-03
5.156431658886852579e-03
3.847397468283916540e-04
-8.305003039552444853e-05
-3.448475797623245880e-04
1.347596944689132860e-04
-1.347596944689111447e-04
5.903207173138404597e-04
-1.415209180884740951e-02
1.415209180884739563e-02
-1.352622258676861727e-02
-3.786723046703247691e-03
1.057362903079463352e-02
-5.136318227480399061e-03
9.151579600517439558e-03
1.144232607284292359e-02
-1.144232607284292533e-02
-3.264687162070844758e-04
3.090242353120404434e-03
5.417392259014983981e-03
-2.175304684826096793e-04
4.389360754271782973e-04
-4.389360754271790020e-04
8.667745940993031245e-04
1.451464457676257319e-03
-2.659197603469659957e-03
-1.299349394245376613e-02
1.299349394245376613e-02
-6.642175686003545798e-03
-2.169476874285785738e-03
9.181211591249240425e-03
1.196798537202310719e-02
2.231760361424542372e-03
5.882280251098825907e-03
2.459839748762225739e-04
1.171102003444296128e-04
-4.528060808745300965e-04
4.528060808745274402e-04
1.786435730887320564e-03
-3.124478756703838456e-02
1.649712341767397075e-02
-1.654307905597358214e-02
-6.387873656554144894e-03
9.480471661383806092e-03
-5.576666247432237114e-03
1.144232607284292359e-02
1.130103688188523713e-02
-9.744495938399501053e-03
1.023680779904262168e-03
2.807074648908100978e-03
6.589838796708236482e-03
-7.172750097064955555e-04
1.545128329716263620e-03
2.292942893156213501e-04
-1.456682583477020764e-03
-2.744485468056973997e-04
2.219351895064717217e-04
-7.611124314078913575e-05
2.108862221456305527e-03
-2.556460059786571943e-03
1.219075003867729594e-02
6.630380117576005526e-04
-8.948045079236051054e-04
-1.545178570270767373e-03
-2.292962621918924460e-04
1.456737053157779009e-03
4.111952071247668779e-05
9.363493227472373317e-05
-2.672374264385883342e-03
-7.281291561830821948e-04
-7.688384436029309377e-03
-7.708737839144441445e-04
2.206197167224992553e-03
8.779822425465994744e-04
-2.467345675036120554e-04
-2.659844038031753928e-04
1.548778355634670804e-03
3.140992417150700541e-05
-3.142738213634880520e-05
1.179789040752127655e-04
-1.573102630743280139e-03
-2.981904414122865947e-04
-7.592791177255775806e-03
-9.922602051984105807e-04
4.949656997994999336e-03
6.182753389609062927e-03
4.587284579695942791e-03
9.544981053925631880e-04
-1.654339057703348072e-03
3.036678761888924900e-03
7.647459787994432406e-04
3.071839882947818411e-03
-3.071960235196332777e-03
1.741195617828693331e-04
1.464250247353733310e-04
-6.324801532278077204e-03
-3.937122365544020765e-03
4.969774553522781149e-03
-3.205890657864358777e-03
-2.467345675036120554e-04
4.122755432675245107e-03
2.621283447630147652e-03
5.079144922216291677e-04
3.065359358752575963e-03
-3.065242001792214954e-03
-3.042605678278323574e-03
-6.328341834580555837e-04
2.218234937942676135e-03
1.219075003867735839e-02
-2.556460059786584086e-03
-8.948045079236051054e-04
6.630380117576032632e-04
1.545178570270771710e-03
2.292962621918929881e-04
-1.456737053157783129e-03
9.363493227472450566e-05
4.111952071247654549e-05
1.649712341767401932e-02
-3.124478756703843313e-02
1.654307905597362377e-02
6.387873656554153567e-03
-9.480471661383816501e-03
5.576666247432244053e-03
-1.144232607284292533e-02
-9.744495938399501053e-03
1.130103688188526662e-02
-1.023680779904263902e-03
-2.807074648908102713e-03
-6.589838796708240819e-03
7.172750097064971818e-04
1.545128329716266222e-03
2.292942893156215398e-04
-1.456682583477022282e-03
2.219351895064737546e-04
-2.744485468056982670e-04
7.611124314078982693e-05
-2.108862221456308129e-03
-2.672374264385895919e-03
-7.281291561830845801e-04
7.688384436029335398e-03
-7.708737839144453371e-04
-2.206197167224996456e-03
8.779822425466008839e-04
-2.467345675036110796e-04
2.659844038031743628e-04
1.548778355634674274e-03
-3.140992417150636167e-05
-3.142738213634889329e-05
1.179789040752129146e-04
-1.573102630743283825e-03
2.981904414122874079e-04
-7.592791177255781877e-03
-9.922602051984133996e-04
4.949656997995004540e-03
-6.182753389609064662e-03
4.587284579695950597e-03
-9.544981053925641638e-04
1.654339057703351542e-03
3.036678761888932706e-03
7.647459787994455175e-04
3.071839882947824049e-03
3.071960235196340584e-03
1.741195617828699294e-04
1.464250247353732497e-04
-6.324801532278082408e-03
3.937122365544029438e-03
4.969774553522783751e-03
3.205890657864359210e-03
-2.467345675036110796e-04
4.122755432675252914e-03
-2.621283447630147652e-03
5.079144922216305771e-04
-3.065359358752584203e-03
-3.065242001792218857e-03
-3.042605678278331380e-03
-6.328341834580565595e-04
-2.218234937942679171e-03
-2.004272660087605754e-03
5.862650597439790631e-04
1.178739604572797035e-03
1.271000444015469352e-03
9.544981053925631880e-04
1.037342420855455862e-03
-3.742263527224613237e-05
-3.902544430192324992e-04
9.516193526417345092e-04
6.880183339803532319e-05
-6.882559777410857972e-05
-9.851991122635649512e-04
2.004272660087605320e-03
-5.862650597439817736e-04
-1.178739604572797686e-03
1.271000444015470869e-03
-9.544981053925641638e-04
1.037342420855453693e-03
-3.742263527224582066e-05
3.902544430192332581e-04
-9.516193526417338587e-04
-6.880183339803501148e-05
-6.882559777410817315e-05
9.851991122635643007e-04
5.630543379192000071e-04
-1.134534026545662606e-02
1.134534026545663300e-02
-8.411139768278860437e-03
-2.839602005108406418e-03
1.196798537202310719e-02
1.191226834401537017e-02
2.652191464090649948e-03
7.582176121619824821e-03
-1.340241415451678530e-03
1.678564025976050315e-03
7.106122070498015718e-04
-7.106122070498014634e-04
2.604378881818008662e-04
-3.206926059279351527e-03
3.206926059279353262e-03
-1.616550264893444871e-03
-9.900937464359500784e-03
-3.079354283520186787e-03
3.664229672122654158e-03
-3.264687162070842048e-04
1.023680779904262168e-03
-1.023680779904263902e-03
4.524990114426616188e-03
4.113482618148450731e-03
2.010379600297704846e-03
-9.896513671729693581e-04
-2.909428787192360703e-03
2.909428787192360703e-03
-2.583952580956602740e-03
7.691741173918288611e-04
-8.034516382419774894e-03
-2.598222508130612531e-03
2.598222508130611230e-03
2.882114423557950722e-03
5.156431658886850844e-03
2.231760361424541938e-03
2.652191464090649948e-03
5.474919231107474270e-03
2.466231103970846841e-03
2.542262505668902144e-03
-3.428729659626158642e-04
-2.134730223820553718e-03
2.134730223820553285e-03
1.489283949087681592e-03
-2.800611411748330469e-03
4.401551755040206755e-04
-4.170886418488213001e-04
2.585630857010206077e-03
-1.113554520487627280e-03
-2.659844038031758265e-04
2.621283447630148086e-03
2.184599079132694497e-03
4.872376170751389901e-04
-7.330801396200786225e-04
7.330021597861416339e-04
2.859896689388200831e-04
-1.517506653767483775e-05
2.767489507287361895e-04
2.800611411748330903e-03
-4.401551755040239823e-04
-4.170886418488205412e-04
-2.585630857010204776e-03
-1.113554520487628798e-03
2.659844038031748507e-04
-2.621283447630146785e-03
2.184599079132695798e-03
-4.872376170751393696e-04
-7.330801396200787310e-04
-7.330021597861428265e-04
-2.859896689388197037e-04
1.517506653767420756e-05
2.767489507287361353e-04
-3.682085114341774636e-03
3.682085114341767697e-03
-5.487843715278794589e-03
-1.246623262080746863e-02
1.577258487213215954e-03
1.758457109271955579e-03
3.090242353120404434e-03
2.807074648908099677e-03
-2.807074648908101846e-03
4.113482618148450731e-03
3.688865069839623607e-03
3.853647073522038693e-03
-1.045716857357882336e-04
-2.583891862389792442e-03
2.583891862389793310e-03
-2.986041374080252928e-03
2.586184310026862416e-04
-2.295563963692516442e-03
-7.692605004247995114e-03
7.692605004247988175e-03
-2.737241872952219691e-03
3.847397468283913829e-04
5.882280251098826775e-03
7.582176121619827423e-03
2.466231103970847275e-03
4.920171677660624757e-03
8.278443746280674974e-04
2.921799904751005549e-03
-8.696881143042321750e-04
8.696881143042291392e-04
-5.044191221249606262e-04
-3.931377157285036346e-03
3.931377157285030274e-03
-1.155722147930462844e-02
-4.466091130325200442e-03
5.107047346175533527e-03
-1.245934299081272092e-03
5.417392259014983981e-03
6.589838796708236482e-03
-6.589838796708239084e-03
2.010379600297705280e-03
3.853647073522038693e-03
5.553864910968369685e-03
2.341666103576921405e-03
-3.876865263540335343e-04
3.876865263540331548e-04
9.199323476279901558e-05
-8.888148266213979909e-04
1.105959395277007415e-02
1.021100033725675293e-03
-1.201155996834917536e-03
-3.396578199429300580e-04
-1.654339057703348289e-03
-3.742263527224611882e-05
2.047128476325542432e-03
-2.130651944534272309e-03
-3.170935574213333292e-04
-3.157254715902258011e-03
3.157378421875845637e-03
5.134478208919868918e-05
-1.105959395277007068e-02
-1.021100033725675727e-03
1.201155996834917319e-03
-3.396578199429302206e-04
1.654339057703352192e-03
-3.742263527224581388e-05
2.047128476325541565e-03
2.130651944534271876e-03
3.170935574213333834e-04
3.157254715902259312e-03
3.157378421875846504e-03
-5.134478208919842490e-05
-1.791602526650970181e-02
-4.821963388442120232e-04
4.821963388442153300e-04
2.999081377458019497e-03
-8.305003039552427235e-05
2.459839748762224112e-04
-1.340241415451678530e-03
2.542262505668902578e-03
8.278443746280673889e-04
1.008920562297193312e-02
5.204053497676932585e-04
-6.279972221699340294e-03
6.279972221699338560e-03
1.063860993777383758e-03
5.886348556240693711e-03
-5.886348556240693711e-03
-8.243213090270824772e-03
2.251466486181038281e-03
1.742458128907625357e-03
1.255801740739470162e-04
-2.175304684826094353e-04
-7.172750097064954471e-04
7.172750097064972902e-04
-9.896513671729693581e-04
-1.045716857357882607e-04
2.341666103576921405e-03
5.380191624775527634e-03
9.906116180883959687e-04
-9.906116180883961855e-04
1.875994585348544127e-03
-3.995874092483694268e-03
2.469886076601619492e-04
1.363473492782381281e-04
-1.363473492782386431e-04
2.534931802785508567e-04
-3.448475797623246422e-04
1.171102003444295721e-04
1.678564025976050315e-03
-3.428729659626159184e-04
2.921799904751005549e-03
5.204053497676932585e-04
4.898175153770206042e-03
-5.934735375881717472e-04
5.934735375881715303e-04
-4.585527611656861277e-03
-5.187032169169164601e-05
-1.039852925949932388e-04
1.456871889453836746e-04
-3.793313022670865816e-04
8.049144693930123046e-04
-2.600940964434978077e-05
1.049275543346750119e-04
1.604259860392910284e-02
3.128645005905085984e-04
-2.607002084344295953e-04
-2.332930681726755329e-03
1.347596944689131776e-04
-4.528060808745300423e-04
7.106122070498015718e-04
-2.134730223820553718e-03
-8.696881143042326087e-04
-6.279972221699341162e-03
-5.934735375881716388e-04
6.077039030820128793e-03
-5.552239469222012419e-03
8.049101202864870864e-04
-2.600755247325005736e-05
1.049215189084981955e-04
-1.440389732115479225e-04
-1.601001711496359212e-02
-2.206749764365377887e-03
2.161959070394187631e-03
-7.104649359777911012e-04
3.036678761888933140e-03
3.902544430192332581e-04
2.130651944534271876e-03
6.952738142527587796e-03
1.864779784798830525e-04
5.296544918190508253e-03
5.296519613392291354e-03
1.004343181368658145e-03
-8.042027286312833020e-03
1.182644372019797836e-03
7.707491378172563051e-03
-7.474361644969875146e-04
-1.302865498916934298e-03
1.548778355634674057e-03
5.079144922216305771e-04
-4.872376170751394780e-04
5.222222818580343588e-03
7.169836358778573435e-04
7.169889642064693333e-04
1.484053032638634785e-03
-4.747308325719735468e-03
3.421038273780772519e-04
-3.550451500436688549e-04
8.420155751845918987e-04
-3.641036822540296455e-04
2.355519227262323852e-05
7.647459787994456259e-04
-9.516193526417339671e-04
3.170935574213334376e-04
1.864779784798830254e-04
4.597464123048069021e-03
4.265967630575064561e-04
4.265933693396345189e-04
-5.321031514769755839e-03
-1.604259860392909243e-02
-2.607002084344263969e-04
3.128645005905126100e-04
2.332930681726754461e-03
-1.347596944689108736e-04
4.528060808745272233e-04
-7.106122070498014634e-04
2.134730223820553285e-03
8.696881143042290308e-04
6.279972221699338560e-03
5.934735375881714219e-04
-5.552239469222012419e-03
6.077039030820120119e-03
8.049101202864864359e-04
-2.600755247325005736e-05
1.049215189084983581e-04
1.440389732115479767e-04
-1.039852925949932388e-04
-5.187032169169159180e-05
-3.793313022670865816e-04
1.456871889453830783e-04
-8.049144693930124130e-04
2.600940964434983837e-05
-1.049275543346750390e-04
-1.601001711496358518e-02
-2.206749764365375718e-03
2.161959070394188498e-03
7.104649359777932697e-04
3.036678761888924900e-03
-3.902544430192325534e-04
-2.130651944534272309e-03
6.952738142527587796e-03
1.864779784798831067e-04
5.296544918190506518e-03
-5.296519613392290486e-03
1.004343181368657061e-03
-8.042027286312829551e-03
1.182644372019798053e-03
-7.707491378172556112e-03
-7.474361644969865388e-04
1.302865498916934732e-03
1.548778355634671021e-03
5.079144922216290593e-04
4.872376170751389359e-04
5.222222818580339251e-03
-7.169836358778575603e-04
7.169889642064697670e-04
1.484053032638633701e-03
-4.747308325719731131e-03
-3.421038273780773061e-04
-3.550451500436685838e-04
8.420155751845927660e-04
-3.641036822540289408e-04
-2.355519227262364170e-05
7.647459787994432406e-04
9.516193526417344008e-04
-3.170935574213333292e-04
1.864779784798830796e-04
4.597464123048066419e-03
4.265967630575059682e-04
-4.265933693396341936e-04
-5.321031514769753237e-03
-1.629002518559928211e-02
-1.579687859834888811e-03
2.362644209886317209e-03
8.785941083992989883e-04
3.071839882947817978e-03
6.880183339803530964e-05
-3.157254715902258011e-03
5.296544918190506518e-03
4.265967630575059682e-04
5.402121099205118258e-03
-4.685364314813460912e-03
3.219798592831099051e-04
-1.629002518559927865e-02
-1.579687859834890329e-03
2.362644209886316776e-03
-8.785941083992966031e-04
3.071839882947824049e-03
-6.880183339803495727e-05
3.157254715902259312e-03
5.296544918190508253e-03
4.265967630575064561e-04
5.402121099205119126e-03
4.685364314813460045e-03
3.219798592831104472e-04
-5.330284879608020339e-04
-5.330284879608019255e-04
8.049101202864869780e-04
8.049101202864865443e-04
3.186572129706948127e-04
-4.730320809339362770e-04
7.173888422059677365e-04
-8.336004389300457479e-03
-8.336004389300454009e-03
1.545128329716263836e-03
1.545128329716266005e-03
5.356133012629619473e-03
7.206827363853136707e-04
-4.948571123920188046e-03
9.326607437038480759e-05
9.326607437038492957e-05
1.272094659208880714e-03
1.272094659208881798e-03
-2.600755247325006413e-05
-2.600755247325011496e-05
-4.730320809339363312e-04
4.241822257111784247e-03
-5.320442691075186539e-03
-1.628986090664829092e-02
-1.579685094468543174e-03
2.362598772271551437e-03
-8.786400173895056107e-04
3.071960235196341017e-03
-6.882559777410810539e-05
3.157378421875846504e-03
5.296519613392291354e-03
4.265933693396345189e-04
4.685364314813460045e-03
5.402086444861600202e-03
3.219631086368981770e-04
1.628986090664829786e-02
1.579685094468542741e-03
-2.362598772271553172e-03
-8.786400173895062612e-04
-3.071960235196332777e-03
-6.882559777410856617e-05
3.157378421875845637e-03
-5.296519613392290486e-03
-4.265933693396341394e-04
-4.685364314813460912e-03
5.402086444861599335e-03
-3.219631086368974723e-04
-5.330361963369163129e-04
5.330361963369162044e-04
8.049144693930134972e-04
-8.049144693930124130e-04
3.186488308840495403e-04
-4.730396034521642916e-04
7.173974805714137615e-04
8.335779984593257377e-03
-8.335779984593257377e-03
-1.545178570270767807e-03
1.545178570270771493e-03
5.356272335387515966e-03
7.206895317366906464e-04
-4.948625820314356272e-03
-9.326329043250708255e-05
9.326329043250747557e-05
1.272055389809632724e-03
-1.272055389809632724e-03
-2.600940964434975705e-05
2.600940964434988580e-05
-4.730396034521642916e-04
4.241831664670079986e-03
-5.320540782951275333e-03
-2.929639317168884413e-03
1.463214265211078280e-02
-1.600024608125149650e-03
-3.091053920752359196e-03
-9.878086385594622102e-04
-3.140992417150637522e-05
-3.065359358752584203e-03
-7.330801396200790562e-04
7.169836358778573435e-04
4.579973922924942403e-03
4.145803979862443776e-03
4.364422300213176113e-03
1.585261990008302523e-04
2.132485427168407787e-03
2.929639317168885281e-03
-1.463214265211078800e-02
-1.600024608125149867e-03
3.091053920752359629e-03
-9.878086385594626439e-04
3.140992417150693087e-05
3.065359358752576830e-03
-7.330801396200789478e-04
-7.169836358778575603e-04
4.579973922924944138e-03
-4.145803979862443776e-03
-4.364422300213175246e-03
-1.585261990008309029e-04
2.132485427168406920e-03
1.463143130030105038e-03
-1.463143130030104388e-03
-2.292962621918924731e-04
2.292962621918929610e-04
7.206895317366906464e-04
2.428018736119568995e-04
-6.408825848574159229e-04
-6.773733155830502463e-04
6.773733155830506799e-04
-1.331940488942373775e-03
1.331940488942373558e-03
1.049275543346749848e-04
-1.049275543346750390e-04
7.173974805714137615e-04
-5.320540782951276200e-03
4.515114653256927478e-03
-7.963854964392409058e-03
7.963854964392407323e-03
1.456737053157779226e-03
-1.456737053157783129e-03
-4.948625820314356272e-03
-6.408825848574161398e-04
4.980568694683773501e-03
-4.398191451644119698e-05
4.398191451644077685e-05
-2.929626765986519284e-03
1.463232754929189722e-02
1.599950613352087809e-03
-3.091101177444560959e-03
9.877643786215433222e-04
-3.142738213634877132e-05
-3.065242001792215822e-03
7.330021597861421760e-04
7.169889642064695501e-04
-4.145803979862443776e-03
4.579985344730227829e-03
4.364435829815459245e-03
1.585126282466769608e-04
-2.132382132319875050e-03
-2.929626765986519284e-03
1.463232754929189201e-02
-1.599950613352089978e-03
-3.091101177444560959e-03
-9.877643786215439727e-04
-3.142738213634885941e-05
-3.065242001792218857e-03
-7.330021597861433686e-04
7.169889642064693333e-04
4.145803979862443776e-03
4.579985344730228697e-03
4.364435829815461847e-03
1.585126282466766084e-04
2.132382132319876784e-03
-1.463165401543695641e-03
-1.463165401543695208e-03
2.292942893156213230e-04
2.292942893156215398e-04
7.206827363853136707e-04
2.428129340954088972e-04
-6.408675783074934068e-04
6.773646275556264576e-04
6.773646275556265660e-04
-1.331970718606202784e-03
-1.331970718606203868e-03
1.049215189084981684e-04
1.049215189084983174e-04
7.173888422059677365e-04
-5.320442691075185672e-03
4.515102777151032767e-03
7.964097725525698390e-03
7.964097725525698390e-03
-1.456682583477020764e-03
-1.456682583477022282e-03
-4.948571123920188046e-03
-6.408675783074932984e-04
4.980426479910197990e-03
4.397925364599787547e-05
4.397925364599775350e-05
8.464201615258752122e-04
7.705294865157267343e-04
-2.441987521330675308e-03
1.345551206374940960e-02
1.075464953520112628e-03
-2.879179240100472430e-03
4.389360754271781889e-04
-2.744485468056974539e-04
2.219351895064738630e-04
-2.909428787192360269e-03
-2.583891862389791575e-03
-3.876865263540333717e-04
9.906116180883959687e-04
9.326607437038479404e-05
6.773646275556264576e-04
4.397925364599789580e-05
4.277284032664759907e-03
-3.989407412682626289e-03
3.643691460201823815e-03
3.044956460480579370e-04
2.244773782736319808e-04
-1.392321577501283740e-03
4.111952071247667424e-05
9.363493227472449211e-05
-9.326329043250705544e-05
-6.773733155830501378e-04
-4.398191451644123764e-05
5.661054446686888351e-05
-2.314833976992319376e-04
-3.757799385356440803e-03
1.372855691225247261e-02
1.139804229296961530e-03
-3.122412784858938015e-03
1.168814866210323529e-03
1.179789040752126977e-04
-3.042605678278323574e-03
2.859896689388204626e-04
1.484053032638633701e-03
-4.364422300213175246e-03
4.364435829815459245e-03
5.366600357223466969e-03
-3.840271255047478715e-04
-1.370152153475357772e-03
-1.886166728662399617e-03
-1.258761179796324481e-03
1.086465125102498456e-03
5.622315040294446507e-04
1.741195617828693873e-04
-9.851991122635649512e-04
5.134478208919863497e-05
1.004343181368656844e-03
-5.321031514769753237e-03
3.219798592831099051e-04
-3.219631086368974723e-04
4.376108152229590126e-03
7.214317317298911576e-03
6.745734397452113080e-04
7.700061576233706816e-03
5.404595722476908263e-04
-1.348216934376485644e-03
-1.573102630743279488e-03
-6.328341834580556921e-04
-1.517506653767477677e-05
-4.747308325719731131e-03
-1.585261990008309842e-04
1.585126282466769337e-04
-3.840271255047478715e-04
4.863472533952293599e-03
1.929390438688743166e-04
-1.392321577501281571e-03
2.244773782736309779e-04
9.363493227472373317e-05
4.111952071247654549e-05
9.326329043250748913e-05
6.773733155830506799e-04
4.398191451644082429e-05
-2.314833976992318292e-04
5.661054446686952048e-05
7.705294865157271680e-04
8.464201615258718512e-04
2.441987521330677910e-03
-1.345551206374941654e-02
-1.075464953520114363e-03
2.879179240100474164e-03
-4.389360754271787852e-04
2.219351895064717488e-04
-2.744485468056982128e-04
2.909428787192360269e-03
2.583891862389792876e-03
3.876865263540330464e-04
-9.906116180883961855e-04
9.326607437038495667e-05
6.773646275556265660e-04
4.397925364599774672e-05
-3.989407412682626289e-03
4.277284032664762509e-03
-3.643691460201823815e-03
-3.044956460480586417e-04
-3.757799385356442104e-03
1.372855691225247782e-02
-1.139804229296960446e-03
-3.122412784858938448e-03
-1.168814866210323312e-03
1.179789040752128468e-04
-3.042605678278330946e-03
-2.859896689388195952e-04
1.484053032638634785e-03
4.364422300213176113e-03
4.364435829815461847e-03
5.366600357223471306e-03
-3.840271255047491184e-04
1.370152153475356904e-03
-1.886166728662401785e-03
-1.258761179796324264e-03
1.086465125102501275e-03
-5.622315040294455181e-04
1.741195617828699023e-04
9.851991122635636502e-04
-5.134478208919845201e-05
1.004343181368658145e-03
-5.321031514769755839e-03
3.219798592831104472e-04
3.219631086368982312e-04
4.376108152229592728e-03
7.214317317298916780e-03
6.745734397452103322e-04
-7.700061576233709418e-03
5.404595722476926694e-04
1.348216934376486294e-03
-1.573102630743283391e-03
-6.328341834580565595e-04
1.517506653767407203e-05
-4.747308325719735468e-03
1.585261990008303608e-04
1.585126282466766084e-04
-3.840271255047491184e-04
4.863472533952295333e-03
-1.929390438688751569e-04
2.711863080255566202e-03
-7.860756650014526573e-03
-3.230381634143206964e-04
2.268869302508106419e-03
-8.135907761767410384e-04
-2.981904414122867573e-04
2.218234937942676135e-03
2.767489507287368943e-04
-3.421038273780773603e-04
2.132485427168406920e-03
-2.132382132319875050e-03
-1.370152153475357772e-03
1.929390438688742624e-04
1.305023141575411324e-03
-2.711863080255567503e-03
7.860756650014524838e-03
-3.230381634143202627e-04
-2.268869302508106419e-03
-8.135907761767416889e-04
2.981904414122875705e-04
-2.218234937942678738e-03
2.767489507287366774e-04
3.421038273780773061e-04
2.132485427168407787e-03
2.132382132319876784e-03
1.370152153475356904e-03
-1.929390438688750214e-04
1.305023141575411758e-03
3.309503524469415260e-04
-3.309503524469431524e-04
-2.493086005705087271e-03
1.172609602109163547e-02
1.403907353839655304e-03
-2.800940897421243681e-03
8.667745940993026909e-04
-7.611124314078942035e-05
7.611124314079020640e-05
-2.583952580956602740e-03
-2.986041374080252060e-03
9.199323476279782296e-05
1.875994585348543693e-03
3.643691460201823815e-03
-3.643691460201824248e-03
4.964222351730081598e-03
-1.462123388205855226e-04
-2.420071427965421115e-03
-2.509963346650044211e-03
2.509963346650044211e-03
-4.868705681208513399e-04
5.903207173138402429e-04
1.786435730887321214e-03
2.604378881818006494e-04
1.489283949087681809e-03
-5.044191221249610599e-04
1.063860993777383324e-03
-4.585527611656861277e-03
-1.440389732115478411e-04
1.440389732115478140e-04
3.631862508526155237e-03
-5.084939324410838596e-03
5.084939324410836861e-03
5.523986953871053152e-03
-2.627792209663342457e-04
-5.554829370603799662e-04
-9.823043909835003831e-04
1.451464457676257969e-03
2.108862221456305527e-03
-2.108862221456307695e-03
7.691741173918287527e-04
2.586184310026857537e-04
-8.888148266213984246e-04
-3.995874092483695135e-03
3.044956460480579370e-04
-3.044956460480585333e-04
-1.462123388205852244e-04
3.947125546843796053e-03
3.752960189383849898e-02
3.752960189383849898e-02
9.063479817703251618e-03
9.063479817703251618e-03
-6.145126964140868592e-03
-6.145126964140868592e-03
-9.063479817703307129e-03
-9.063479817703307129e-03
6.145126964140863388e-03
6.145126964140863388e-03
-1.819934554832734926e-03
-1.819934554832734926e-03
1.495558064258516173e-03
1.495558064258516173e-03
3.070523360753145371e-04
3.070523360753145371e-04
-1.819934554832731890e-03
-1.819934554832731890e-03
1.495558064258521377e-03
1.495558064258521377e-03
-3.070523360753095498e-04
-3.070523360753095498e-04
1.344812567205806199e-02
1.344812567205806199e-02
-5.238313544182577122e-03
-5.238313544182577122e-03
1.143836714183063021e-03
1.143836714183063021e-03
5.238313544182580592e-03
5.238313544182580592e-03
-1.143836714183063021e-03
-1.143836714183063021e-03
5.019903813127149853e-03
5.019903813127149853e-03
5.532030992870128408e-03
5.532030992870128408e-03
-5.532030992870124939e-03
-5.532030992870124939e-03
-4.089064686447783925e-03
-4.089064686447783925e-03
4.089064686447782190e-03
4.089064686447782190e-03
-8.284948015412010522e-03
-8.284948015412010522e-03
1.127525443233587735e-03
1.127525443233587735e-03
2.303405758775724232e-03
2.303405758775724232e-03
-7.140912825873860746e-03
-7.140912825873860746e-03
-2.303405758775722931e-03
-2.303405758775722931e-03
7.140912825873859879e-03
7.140912825873859879e-03
4.029062504085334159e-03
4.029062504085334159e-03
-1.505857458523146737e-03
-1.505857458523146737e-03
8.745541809184554987e-04
8.745541809184554987e-04
-4.306373378996674814e-03
-4.306373378996674814e-03
8.854694619944272760e-03
8.854694619944272760e-03
2.450751291010124129e-03
2.450751291010124129e-03
-2.213864212839664362e-04
-2.213864212839664362e-04
2.011755552778181355e-05
2.011755552778181355e-05
-7.274274494158813539e-03
-7.274274494158813539e-03
2.370775589567878337e-03
2.370775589567878337e-03
-5.259572683233860665e-03
-5.259572683233860665e-03
4.306373378996660936e-03
4.306373378996660936e-03
8.745541809184577756e-04
8.745541809184577756e-04
-8.854694619944288372e-03
-8.854694619944288372e-03
-2.450751291010124129e-03
-2.450751291010124129e-03
-2.213864212839680625e-04
-2.213864212839680625e-04
2.011755552777921147e-05
2.011755552777921147e-05
7.274274494158820478e-03
7.274274494158820478e-03
-2.370775589567884842e-03
-2.370775589567884842e-03
5.259572683233860665e-03
5.259572683233860665e-03
-8.849691430475896056e-03
-8.849691430475896056e-03
-1.202653399191745773e-03
-1.202653399191745773e-03
1.202653399191747942e-03
1.202653399191747942e-03
-2.179604602812644770e-03
-2.179604602812644770e-03
1.866421081939725890e-03
1.866421081939725890e-03
-1.075907520571264472e-02
-1.075907520571264472e-02
-1.419482903557814845e-03
-1.419482903557814845e-03
1.075907520571265340e-02
1.075907520571265340e-02
1.419482903557814195e-03
1.419482903557814195e-03
5.331785484758673650e-03
5.331785484758673650e-03
-7.821152485647034358e-04
-7.821152485647034358e-04
-6.811553713136256349e-03
-6.811553713136256349e-03
6.918267451169897962e-05
6.918267451169897962e-05
-6.918267451169973856e-05
-6.918267451169973856e-05
-8.814737025934441667e-04
-8.814737025934441667e-04
-4.371532332789056750e-03
-4.371532332789056750e-03
8.814737025934367941e-04
8.814737025934367941e-04
4.371532332789054148e-03
4.371532332789054148e-03
9.090111415028401948e-04
9.090111415028401948e-04
-5.106974147237789904e-03
-5.106974147237789904e-03
5.106974147237782098e-03
5.106974147237782098e-03
3.348590236903577731e-03
3.348590236903577731e-03
-2.705502606292012942e-03
-2.705502606292012942e-03
-4.648879920838427937e-04
-4.648879920838427937e-04
3.073059052711275396e-03
3.073059052711275396e-03
3.968555349078087963e-03
3.968555349078087963e-03
-3.073059052711276697e-03
-3.073059052711276697e-03
-3.968555349078092299e-03
-3.968555349078092299e-03
3.468693503471376692e-03
3.468693503471376692e-03
-4.558515036731419952e-04
-4.558515036731419952e-04
-5.173245396529380438e-03
-5.173245396529380438e-03
5.173245396529376969e-03
5.173245396529376969e-03
9.672812176238877041e-03
9.672812176238877041e-03
-2.004477878520876440e-03
-2.004477878520876440e-03
5.389036948814636494e-04
5.389036948814636494e-04
-1.064808647556679273e-03
-1.064808647556679273e-03
-5.389036948814599631e-04
-5.389036948814599631e-04
1.064808647556678839e-03
1.064808647556678839e-03
-1.256623248550394140e-03
-1.256623248550394140e-03
1.279130062046038405e-04
1.279130062046038405e-04
-5.908315546385471077e-04
-5.908315546385471077e-04
9.370640479968528423e-04
9.370640479968528423e-04
-9.370640479968549022e-04
-9.370640479968549022e-04
-8.636984796928522633e-04
-8.636984796928522633e-04
-9.324160603638556631e-04
-9.324160603638556631e-04
5.801338011740841440e-04
5.801338011740841440e-04
7.967989828650759096e-03
7.967989828650759096e-03
-1.537689522063466745e-03
-1.537689522063466745e-03
-8.335107225756539784e-03
-8.335107225756539784e-03
-1.319943495209595623e-03
-1.319943495209595623e-03
-1.567149158394363700e-04
-1.567149158394363700e-04
1.030065182809821031e-03
1.030065182809821031e-03
-8.452246304467042788e-04
-8.452246304467042788e-04
4.763612731471532943e-04
4.763612731471532943e-04
-1.487900406254259083e-03
-1.487900406254259083e-03
2.568314865778150487e-04
2.568314865778150487e-04
-3.203577640305683137e-04
-3.203577640305683137e-04
1.183110871178819860e-03
1.183110871178819860e-03
3.824504972290931307e-04
3.824504972290931307e-04
8.410624166233612170e-03
8.410624166233612170e-03
9.105670950095050764e-04
9.105670950095050764e-04
7.967989828650755627e-03
7.967989828650755627e-03
-1.537689522063466745e-03
-1.537689522063466745e-03
8.335107225756536314e-03
8.335107225756536314e-03
1.567149158394331716e-04
1.567149158394331716e-04
-1.319943495209595623e-03
-1.319943495209595623e-03
-1.030065182809819730e-03
-1.030065182809819730e-03
8.452246304467041704e-04
8.452246304467041704e-04
-4.763612731471508549e-04
-4.763612731471508549e-04
-1.487900406254253878e-03
-1.487900406254253878e-03
2.568314865778141814e-04
2.568314865778141814e-04
3.203577640305689100e-04
3.203577640305689100e-04
-1.183110871178818992e-03
-1.183110871178818992e-03
-3.824504972290900949e-04
-3.824504972290900949e-04
-8.410624166233610435e-03
-8.410624166233610435e-03
-9.105670950095047511e-04
-9.105670950095047511e-04
5.172908166954925946e-03
5.172908166954925946e-03
7.954020796298824636e-03
7.954020796298824636e-03
7.954020796298824636e-03
7.954020796298824636e-03
1.046659371874088295e-03
1.046659371874088295e-03
-1.090549550677436062e-03
-1.090549550677436062e-03
1.046659371874086777e-03
1.046659371874086777e-03
-1.090549550677435411e-03
-1.090549550677435411e-03
-1.526711553231554141e-03
-1.526711553231554141e-03
-1.526711553231558044e-03
-1.526711553231558044e-03
-4.491634797904021058e-03
-4.491634797904021058e-03
-4.526043155307565304e-04
-4.526043155307565304e-04
-4.491634797904020190e-03
-4.491634797904020190e-03
-4.526043155307560967e-04
-4.526043155307560967e-04
-7.954080922055040484e-03
-7.954080922055040484e-03
7.954080922055033545e-03
7.954080922055033545e-03
1.046648898131626862e-03
1.046648898131626862e-03
-1.090543382461918714e-03
-1.090543382461918714e-03
-1.046648898131626645e-03
-1.046648898131626645e-03
1.090543382461920448e-03
1.090543382461920448e-03
1.526781664925564970e-03
1.526781664925564970e-03
-1.526781664925569524e-03
-1.526781664925569524e-03
-4.491605143999277856e-03
-4.491605143999277856e-03
-4.526027789839842793e-04
-4.526027789839842793e-04
4.491605143999277856e-03
4.491605143999277856e-03
4.526027789839840083e-04
4.526027789839840083e-04
-9.370728629626921824e-03
-9.370728629626921824e-03
-1.466496187138780242e-03
-1.466496187138780242e-03
6.668287687718378945e-03
6.668287687718378945e-03
1.466496187138780025e-03
1.466496187138780025e-03
-6.668287687718375475e-03
-6.668287687718375475e-03
1.759113431809985421e-03
1.759113431809985421e-03
-1.759113431809986071e-03
-1.759113431809986071e-03
-2.607061863633994107e-04
-2.607061863633994107e-04
-1.608622305594797604e-03
-1.608622305594797604e-03
2.607061863633993565e-04
2.607061863633993565e-04
1.608622305594801074e-03
1.608622305594801074e-03
-6.120560815431823993e-04
-6.120560815431823993e-04
6.120560815431825077e-04
6.120560815431825077e-04
-3.292051165276884891e-06
-3.292051165276884891e-06
3.719149626369199282e-04
3.719149626369199282e-04
1.466461364442823642e-03
1.466461364442823642e-03
-6.668229823766198827e-03
-6.668229823766198827e-03
1.466461364442824076e-03
1.466461364442824076e-03
-6.668229823766193623e-03
-6.668229823766193623e-03
1.759130458838358176e-03
1.759130458838358176e-03
1.759130458838357091e-03
1.759130458838357091e-03
2.607216714519700876e-04
2.607216714519700876e-04
1.608559418315195057e-03
1.608559418315195057e-03
2.607216714519704128e-04
2.607216714519704128e-04
1.608559418315196575e-03
1.608559418315196575e-03
-6.120674452979711242e-04
-6.120674452979711242e-04
-6.120674452979712327e-04
-6.120674452979712327e-04
-3.293894179345934273e-06
-3.293894179345934273e-06
3.718715671549976259e-04
3.718715671549976259e-04
8.291607959724887553e-03
8.291607959724887553e-03
-6.514239594953561037e-03
-6.514239594953561037e-03
-2.162851064017010366e-03
-2.162851064017010366e-03
3.581791750627636838e-03
3.581791750627636838e-03
-5.755450487515702783e-03
-5.755450487515702783e-03
1.863651605062613533e-03
1.863651605062613533e-03
-5.460055528548076300e-04
-5.460055528548076300e-04
9.334991269021090075e-05
9.334991269021090075e-05
1.530962305723986786e-03
1.530962305723986786e-03
1.232954286022664618e-04
1.232954286022664618e-04
1.469503047535044085e-03
1.469503047535044085e-03
-1.283002572317493845e-04
-1.283002572317493845e-04
1.924229674928795318e-03
1.924229674928795318e-03
2.869881531328612092e-03
2.869881531328612092e-03
3.725114598163586119e-04
3.725114598163586119e-04
-9.392668359991972931e-04
-9.392668359991972931e-04
-4.797098512699768565e-04
-4.797098512699768565e-04
5.737231890500221060e-04
5.737231890500221060e-04
2.287137849127251110e-04
2.287137849127251110e-04
-2.286998182043904304e-04
-2.286998182043904304e-04
-3.687048984630124891e-03
-3.687048984630124891e-03
-1.145442844843897465e-04
-1.145442844843897465e-04
3.687071202259832679e-03
3.687071202259832679e-03
1.145333746006790311e-04
1.145333746006790311e-04
2.162851064017008631e-03
2.162851064017008631e-03
-6.514239594953561037e-03
-6.514239594953561037e-03
-3.581791750627638139e-03
-3.581791750627638139e-03
5.755450487515707120e-03
5.755450487515707120e-03
1.863651605062614184e-03
1.863651605062614184e-03
-5.460055528548086057e-04
-5.460055528548086057e-04
-9.334991269020894919e-05
-9.334991269020894919e-05
-1.530962305723987870e-03
-1.530962305723987870e-03
-1.232954286022667329e-04
-1.232954286022667329e-04
1.283002572317480292e-04
1.283002572317480292e-04
1.469503047535047555e-03
1.469503047535047555e-03
-1.924229674928796619e-03
-1.924229674928796619e-03
-2.869881531328612526e-03
-2.869881531328612526e-03
-3.725114598163589913e-04
-3.725114598163589913e-04
9.392668359991977267e-04
9.392668359991977267e-04
-4.797098512699766396e-04
-4.797098512699766396e-04
5.737231890500203713e-04
5.737231890500203713e-04
2.287137849127254905e-04
2.287137849127254905e-04
2.286998182043907557e-04
2.286998182043907557e-04
3.687048984630125325e-03
3.687048984630125325e-03
1.145442844843895297e-04
1.145442844843895297e-04
3.687071202259835281e-03
3.687071202259835281e-03
1.145333746006788685e-04
1.145333746006788685e-04
-3.757924014983394460e-03
-3.757924014983394460e-03
-2.380912727808624785e-03
-2.380912727808624785e-03
2.775817325603687977e-03
2.775817325603687977e-03
2.380912727808624351e-03
2.380912727808624351e-03
-2.775817325603687977e-03
-2.775817325603687977e-03
-6.202109067220582320e-03
-6.202109067220582320e-03
-2.410940441419377918e-04
-2.410940441419377918e-04
2.410940441419377918e-04
2.410940441419377918e-04
2.245457960360863932e-03
2.245457960360863932e-03
-2.764538767854624480e-04
-2.764538767854624480e-04
-3.349712732110632449e-04
-3.349712732110632449e-04
2.220791982714973370e-04
2.220791982714973370e-04
-1.093727164863706088e-04
-1.093727164863706088e-04
-2.220791982714973641e-04
-2.220791982714973641e-04
1.093727164863710424e-04
1.093727164863710424e-04
2.844390469138403498e-03
2.844390469138403498e-03
-7.201098316958530563e-04
-7.201098316958530563e-04
1.666251962398879443e-04
1.666251962398879443e-04
-8.121335915711603692e-04
-8.121335915711603692e-04
5.896535191731661421e-04
5.896535191731661421e-04
-4.861428005896251472e-04
-4.861428005896251472e-04
4.861428005896251472e-04
4.861428005896251472e-04
5.013843613677181586e-03
5.013843613677181586e-03
1.115566021791836746e-04
1.115566021791836746e-04
-5.013843613677180719e-03
-5.013843613677180719e-03
-1.115566021791835119e-04
-1.115566021791835119e-04
