62914575
68765630475
137468346375
34414272525
137468329995
68765646855
68765622285
34414280715
137468321805
34414297095
274936643595
68765679630
274936659975
137468379150
274936635405
34414329870
62955525
171819663375
103116963855
62939145
62963715
206171013135
68765614155
314589195
137468313735
566263815
188751885
34414264365
1128268045
2176844295
6455033871
62916099
274936692750
62918921
18291359759
314572875
566231175
188743725
566247435
68765614215
68765614125
188760075
137468313645
188776455
137468313675
314605575
34414264455
566239245
34414264395
314581005
