138537861135
62947590
69835161615
62931210
34418720781
1099566161934
63046659
554063364111
1099566153997
1128529933
5381292047
62915843
2202009869
1128268301
63569923
2748791652367
62931466
70908903439
141775863823
62948362
73039609871
62931974
51581550607
62926858
42974838799
62924806
62935052
85949677583
62949388
146079219727
62947846
139611602959
1099566284813
549810601997
62923020
35483811855
137497673991
1103134734
68778197259
1119895566
1103101975
96469255
1119879195
113246475
62980110
274936627215
137468313870
1132494855
68765614350
1132478475
