1038
-5
12
-12
12
3
-3
3
-6
12
-12
12
3
-3
3
-6
3
-1
-1
6
-5
3
-2
-3
3
-6
-3
1
1
-6
-6
-3
-2
-3
-3
-6
3
-1
6
-6
4
3
-3
-5
8
-7
8
11
-12
12
-8
-1
-2
-1
-1
-3
-2
-1
2
1
-2
2
2
8
-13
9
-10
-1
-17
13
-13
8
-3
3
-2
-2
-3
2
-3
3
1
-4
-3
4
-1
2
-1
-1
3
-2
-7
10
-13
10
-1
13
-17
13
-8
-2
-1
2
-1
-1
3
-2
-2
-3
-2
-2
-2
-2
-2
-3
-4
-3
-2
-4
-3
8
-9
10
-13
-1
-13
13
-17
9
-1
1
2
-2
1
2
-2
2
-2
-1
-1
-3
-1
-2
3
-2
-3
1
2
-3
-3
3
-4
2
3
-4
-2
-13
6
7
-10
-2
-6
3
4
-5
-2
-13
-6
-7
-10
2
-6
-4
-3
-5
-1
-2
-2
-1
-1
-1
-1
-1
-4
1
-4
1
7
-5
-6
3
2
3
-2
-4
1
-2
-6
-5
-7
-3
1
-3
-3
-3
-2
-3
-16
-9
10
-3
-8
-5
5
-1
1
-4
1
-1
-3
1
-2
-7
-7
-12
-9
1
2
-3
-3
-7
-4
1
2
7
-7
-12
9
-1
2
4
-3
-6
5
-1
2
-2
-1
1
-1
1
-5
-1
-3
-1
-2
-2
-9
-13
9
-2
-1
-5
-6
5
2
-1
2
1
-1
1
-3
-9
3
9
-12
1
-2
-4
2
4
-7
-1
-5
1
-3
-2
2
-2
-1
-1
1
2
-2
9
10
-12
2
-2
4
5
-6
1
-2
-9
-3
-9
-13
2
-5
-2
-4
-7
-1
-5
1
-3
-2
-3
-4
-6
-3
-1
3
-1
-4
5
3
12
-17
13
-13
-34
25
-24
19
-3
6
-3
1
-7
9
-6
-4
5
-2
2
1
-4
6
-2
-12
13
-17
13
1
24
-34
24
-19
-3
-1
3
-2
1
5
-4
-3
-6
-3
1
-7
-9
-5
-3
-4
-5
12
-12
13
-17
1
-25
24
-34
19
-2
2
3
-1
-1
6
-4
2
-3
-2
-6
-4
-3
6
-3
-1
-7
9
-5
2
5
-5
-5
4
-2
1
2
-2
9
-9
4
-2
-4
4
-5
-4
2
1
2
2
-9
-9
-3
-3
-4
-4
-5
4
-2
-2
2
9
-9
5
4
-4
-7
8
-9
8
19
-19
18
-14
3
-4
-6
4
4
-4
-5
4
-9
4
5
-6
-3
-3
-6
-4
-3
-5
-4
-4
-8
-5
-4
-6
-1
-1
-1
-1
-1
-2
-2
-1
-2
-4
-3
-2
-6
-2
2
2
-3
-3
1
3
-2
4
-3
-4
1
-2
-2
-4
-3
-3
-2
-3
-2
-5
-4
-5
-2
3
-4
-9
-4
5
-6
4
1
-11
-6
6
-2
-1
1
-4
-3
-1
2
-6
-3
-3
-4
-3
-6
-5
-5
-4
-4
-4
-9
-6
-3
4
3
-3
-7
4
5
-4
5
-4
-8
6
-1
1
-1
-1
2
-1
-2
2
-3
-3
3
-5
3
-4
-1
-5
-6
5
-4
4
-1
-6
-9
6
1
-1
1
1
-1
2
3
-4
-4
2
4
-7
-4
4
-6
2
6
-8
-2
-2
-3
-3
-3
-5
-1
1
-1
-2
1
-1
-3
4
-1
5
4
-7
4
-4
-2
6
6
-9
-3
-3
-5
-1
-5
-6
-5
-4
-6
-2
-6
-8
2
-2
-4
2
-3
-6
-4
-4
4
5
-7
-8
-4
-5
8
7
-8
-8
1
2
1
2
2
1
1
1
-1
-1
1
2
-1
-2
14
14
2
1
2
1
-7
-7
13
12
7
7
-2
-1
2
1
-7
-7
-13
-12
-7
-7
7
7
-6
-6
10
10
-10
-10
-1
1
5
6
-10
-10
11
10
-1
-18
-19
-6
-6
10
10
-10
-10
1
19
18
-19
-18
5
5
-5
-5
4
5
10
10
-10
-9
10
10
1
2
2
1
-8
-7
4
4
3
4
2
2
2
2
2
2
1
1
-1
-1
-6
-6
7
7
2
2
1
2
-1
-1
1
2
-1
-2
7
8
-3
-4
4
4
2
2
-1
-2
9
9
1
2
1
2
1
-4
-4
6
7
3
4
-4
-3
2
2
2
2
-5
-5
7
8
4
5
-1
-2
1
2
-4
-3
-7
-6
-4
-4
3
4
-2
-2
2
2
-4
-4
-8
-8
-4
-5
4
4
