-4.991044787507932767e+01,9.117363500307053004e-01,0.000000000000000000e+00,0.000000000000000000e+00,0.000000000000000000e+00,-2.316578449770054782e-01,0.000000000000000000e+00,0.000000000000000000e+00,0.000000000000000000e+00,-5.086059841963156375e-16,-2.746057000485718231e-17,0.000000000000000000e+00,0.000000000000000000e+00,0.000000000000000000e+00,0.000000000000000000e+00,0.000000000000000000e+00,0.000000000000000000e+00,-7.250495569739102697e-01,-2.819025419952113493e-16,-2.705181002991623338e-18,0.000000000000000000e+00,0.000000000000000000e+00,0.000000000000000000e+00
9.117363500307053004e-01,-1.110827606086117925e+01,0.000000000000000000e+00,0.000000000000000000e+00,0.000000000000000000e+00,1.138818894805190718e+00,0.000000000000000000e+00,0.000000000000000000e+00,0.000000000000000000e+00,1.725746616899396121e-15,1.137320038597835143e-16,0.000000000000000000e+00,0.000000000000000000e+00,0.000000000000000000e+00,0.000000000000000000e+00,0.000000000000000000e+00,0.000000000000000000e+00,2.250718593655626876e+00,1.033089543846114293e-15,-1.529759398786390886e-17,0.000000000000000000e+00,0.000000000000000000e+00,0.000000000000000000e+00
0.000000000000000000e+00,0.000000000000000000e+00,-1.006104439831095654e+01,0.000000000000000000e+00,0.000000000000000000e+00,0.000000000000000000e+00,1.274582861161042580e+00,0.000000000000000000e+00,0.000000000000000000e+00,0.000000000000000000e+00,0.000000000000000000e+00,0.000000000000000000e+00,0.000000000000000000e+00,0.000000000000000000e+00,2.739141680427180425e+00,0.000000000000000000e+00,0.000000000000000000e+00,0.000000000000000000e+00,0.000000000000000000e+00,0.000000000000000000e+00,0.000000000000000000e+00,0.000000000000000000e+00,0.000000000000000000e+00
0.000000000000000000e+00,0.000000000000000000e+00,0.000000000000000000e+00,-1.006104439831095831e+01,0.000000000000000000e+00,0.000000000000000000e+00,0.000000000000000000e+00,1.274582861161032366e+00,0.000000000000000000e+00,0.000000000000000000e+00,0.000000000000000000e+00,0.000000000000000000e+00,0.000000000000000000e+00,0.000000000000000000e+00,0.000000000000000000e+00,2.739141680427178205e+00,0.000000000000000000e+00,0.000000000000000000e+00,0.000000000000000000e+00,0.000000000000000000e+00,0.000000000000000000e+00,0.000000000000000000e+00,0.000000000000000000e+00
0.000000000000000000e+00,0.000000000000000000e+00,0.000000000000000000e+00,0.000000000000000000e+00,-1.006104439831095831e+01,0.000000000000000000e+00,0.000000000000000000e+00,0.000000000000000000e+00,1.274582861161036362e+00,0.000000000000000000e+00,0.000000000000000000e+00,0.000000000000000000e+00,0.000000000000000000e+00,0.000000000000000000e+00,0.000000000000000000e+00,0.000000000000000000e+00,2.739141680427180869e+00,0.000000000000000000e+00,0.000000000000000000e+00,0.000000000000000000e+00,0.000000000000000000e+00,0.000000000000000000e+00,0.000000000000000000e+00
-2.316578449770052284e-01,1.138818894805190940e+00,0.000000000000000000e+00,0.000000000000000000e+00,0.000000000000000000e+00,-3.666590234001379844e+00,0.000000000000000000e+00,0.000000000000000000e+00,0.000000000000000000e+00,-3.309385861649558814e-16,-4.230506031464224362e-17,0.000000000000000000e+00,0.000000000000000000e+00,0.000000000000000000e+00,0.000000000000000000e+00,0.000000000000000000e+00,0.000000000000000000e+00,-1.468411243570611147e+00,2.109015260780123795e-16,-5.594416868725866539e-18,0.000000000000000000e+00,0.000000000000000000e+00,0.000000000000000000e+00
0.000000000000000000e+00,0.000000000000000000e+00,1.274582861161043246e+00,0.000000000000000000e+00,0.000000000000000000e+00,0.000000000000000000e+00,-3.004915234031595883e+00,0.000000000000000000e+00,0.000000000000000000e+00,0.000000000000000000e+00,0.000000000000000000e+00,0.000000000000000000e+00,0.000000000000000000e+00,0.000000000000000000e+00,-1.368757399210148717e+00,0.000000000000000000e+00,0.000000000000000000e+00,0.000000000000000000e+00,0.000000000000000000e+00,0.000000000000000000e+00,0.000000000000000000e+00,0.000000000000000000e+00,0.000000000000000000e+00
0.000000000000000000e+00,0.000000000000000000e+00,0.000000000000000000e+00,1.274582861161031921e+00,0.000000000000000000e+00,0.000000000000000000e+00,0.000000000000000000e+00,-3.004915234031590554e+00,0.000000000000000000e+00,0.000000000000000000e+00,0.000000000000000000e+00,0.000000000000000000e+00,0.000000000000000000e+00,0.000000000000000000e+00,0.000000000000000000e+00,-1.368757399210140502e+00,0.000000000000000000e+00,0.000000000000000000e+00,0.000000000000000000e+00,0.000000000000000000e+00,0.000000000000000000e+00,0.000000000000000000e+00,0.000000000000000000e+00
0.000000000000000000e+00,0.000000000000000000e+00,0.000000000000000000e+00,0.000000000000000000e+00,1.274582861161036584e+00,0.000000000000000000e+00,0.000000000000000000e+00,0.000000000000000000e+00,-3.004915234031591886e+00,0.000000000000000000e+00,0.000000000000000000e+00,0.000000000000000000e+00,0.000000000000000000e+00,0.000000000000000000e+00,0.000000000000000000e+00,0.000000000000000000e+00,-1.368757399210142944e+00,0.000000000000000000e+00,0.000000000000000000e+00,0.000000000000000000e+00,0.000000000000000000e+00,0.000000000000000000e+00,0.000000000000000000e+00
-5.086059841963138625e-16,1.725746616899395529e-15,0.000000000000000000e+00,0.000000000000000000e+00,0.000000000000000000e+00,-3.309385861649548953e-16,0.000000000000000000e+00,0.000000000000000000e+00,0.000000000000000000e+00,-4.503297634991541010e+00,3.952599542617431863e-18,0.000000000000000000e+00,0.000000000000000000e+00,0.000000000000000000e+00,0.000000000000000000e+00,0.000000000000000000e+00,0.000000000000000000e+00,-1.872418044664346311e-16,-1.344005040382607374e+00,3.878923745983402227e-02,0.000000000000000000e+00,0.000000000000000000e+00,0.000000000000000000e+00
-2.746057000485703132e-17,1.137320038597835390e-16,0.000000000000000000e+00,0.000000000000000000e+00,0.000000000000000000e+00,-4.230506031464224362e-17,0.000000000000000000e+00,0.000000000000000000e+00,0.000000000000000000e+00,1.579547832366634800e-17,-4.503297634991545451e+00,0.000000000000000000e+00,0.000000000000000000e+00,0.000000000000000000e+00,0.000000000000000000e+00,0.000000000000000000e+00,0.000000000000000000e+00,-2.062897509425424577e-17,-3.878923745983409860e-02,-1.344005040382606708e+00,0.000000000000000000e+00,0.000000000000000000e+00,0.000000000000000000e+00
0.000000000000000000e+00,0.000000000000000000e+00,0.000000000000000000e+00,0.000000000000000000e+00,0.000000000000000000e+00,0.000000000000000000e+00,0.000000000000000000e+00,0.000000000000000000e+00,0.000000000000000000e+00,0.000000000000000000e+00,0.000000000000000000e+00,-4.503297634991541898e+00,0.000000000000000000e+00,0.000000000000000000e+00,0.000000000000000000e+00,0.000000000000000000e+00,0.000000000000000000e+00,0.000000000000000000e+00,0.000000000000000000e+00,0.000000000000000000e+00,-1.344564670633796810e+00,0.000000000000000000e+00,0.000000000000000000e+00
0.000000000000000000e+00,0.000000000000000000e+00,0.000000000000000000e+00,0.000000000000000000e+00,0.000000000000000000e+00,0.000000000000000000e+00,0.000000000000000000e+00,0.000000000000000000e+00,0.000000000000000000e+00,0.000000000000000000e+00,0.000000000000000000e+00,0.000000000000000000e+00,-4.503297634991540122e+00,0.000000000000000000e+00,0.000000000000000000e+00,0.000000000000000000e+00,0.000000000000000000e+00,0.000000000000000000e+00,0.000000000000000000e+00,0.000000000000000000e+00,0.000000000000000000e+00,-1.344564670633798364e+00,0.000000000000000000e+00
0.000000000000000000e+00,0.000000000000000000e+00,0.000000000000000000e+00,0.000000000000000000e+00,0.000000000000000000e+00,0.000000000000000000e+00,0.000000000000000000e+00,0.000000000000000000e+00,0.000000000000000000e+00,0.000000000000000000e+00,0.000000000000000000e+00,0.000000000000000000e+00,0.000000000000000000e+00,-4.503297634991541898e+00,0.000000000000000000e+00,0.000000000000000000e+00,0.000000000000000000e+00,0.000000000000000000e+00,0.000000000000000000e+00,0.000000000000000000e+00,0.000000000000000000e+00,0.000000000000000000e+00,-1.344564670633797698e+00
0.000000000000000000e+00,0.000000000000000000e+00,2.739141680427180425e+00,0.000000000000000000e+00,0.000000000000000000e+00,0.000000000000000000e+00,-1.368757399210148717e+00,0.000000000000000000e+00,0.000000000000000000e+00,0.000000000000000000e+00,0.000000000000000000e+00,0.000000000000000000e+00,0.000000000000000000e+00,0.000000000000000000e+00,-6.144615337646169628e+00,0.000000000000000000e+00,0.000000000000000000e+00,0.000000000000000000e+00,0.000000000000000000e+00,0.000000000000000000e+00,0.000000000000000000e+00,0.000000000000000000e+00,0.000000000000000000e+00
0.000000000000000000e+00,0.000000000000000000e+00,0.000000000000000000e+00,2.739141680427181313e+00,0.000000000000000000e+00,0.000000000000000000e+00,0.000000000000000000e+00,-1.368757399210140724e+00,0.000000000000000000e+00,0.000000000000000000e+00,0.000000000000000000e+00,0.000000000000000000e+00,0.000000000000000000e+00,0.000000000000000000e+00,0.000000000000000000e+00,-6.144615337646168740e+00,0.000000000000000000e+00,0.000000000000000000e+00,0.000000000000000000e+00,0.000000000000000000e+00,0.000000000000000000e+00,0.000000000000000000e+00,0.000000000000000000e+00
0.000000000000000000e+00,0.000000000000000000e+00,0.000000000000000000e+00,0.000000000000000000e+00,2.739141680427180869e+00,0.000000000000000000e+00,0.000000000000000000e+00,0.000000000000000000e+00,-1.368757399210142722e+00,0.000000000000000000e+00,0.000000000000000000e+00,0.000000000000000000e+00,0.000000000000000000e+00,0.000000000000000000e+00,0.000000000000000000e+00,0.000000000000000000e+00,-6.144615337646168740e+00,0.000000000000000000e+00,0.000000000000000000e+00,0.000000000000000000e+00,0.000000000000000000e+00,0.000000000000000000e+00,0.000000000000000000e+00
-7.250495569739071611e-01,2.250718593655625988e+00,0.000000000000000000e+00,0.000000000000000000e+00,0.000000000000000000e+00,-1.468411243570610036e+00,0.000000000000000000e+00,0.000000000000000000e+00,0.000000000000000000e+00,-1.872418044664320673e-16,-2.062897509425417182e-17,0.000000000000000000e+00,0.000000000000000000e+00,0.000000000000000000e+00,0.000000000000000000e+00,0.000000000000000000e+00,0.000000000000000000e+00,-5.477584857770392723e+00,1.353681051024045138e-15,2.517926384445877498e-17,0.000000000000000000e+00,0.000000000000000000e+00,0.000000000000000000e+00
-2.819025419952105604e-16,1.033089543846113505e-15,0.000000000000000000e+00,0.000000000000000000e+00,0.000000000000000000e+00,2.109015260780138340e-16,0.000000000000000000e+00,0.000000000000000000e+00,0.000000000000000000e+00,-1.344005040382606930e+00,-3.878923745983411248e-02,0.000000000000000000e+00,0.000000000000000000e+00,0.000000000000000000e+00,0.000000000000000000e+00,0.000000000000000000e+00,0.000000000000000000e+00,1.353681051024045927e-15,-3.474941218227969753e+00,5.837743980334902267e-17,0.000000000000000000e+00,0.000000000000000000e+00,0.000000000000000000e+00
-2.705181002991632198e-18,-1.529759398786391194e-17,0.000000000000000000e+00,0.000000000000000000e+00,0.000000000000000000e+00,-5.594416868725856524e-18,0.000000000000000000e+00,0.000000000000000000e+00,0.000000000000000000e+00,3.878923745983403615e-02,-1.344005040382606708e+00,0.000000000000000000e+00,0.000000000000000000e+00,0.000000000000000000e+00,0.000000000000000000e+00,0.000000000000000000e+00,0.000000000000000000e+00,2.517926384445877498e-17,5.937448814130101868e-17,-3.474941218227975082e+00,0.000000000000000000e+00,0.000000000000000000e+00,0.000000000000000000e+00
0.000000000000000000e+00,0.000000000000000000e+00,0.000000000000000000e+00,0.000000000000000000e+00,0.000000000000000000e+00,0.000000000000000000e+00,0.000000000000000000e+00,0.000000000000000000e+00,0.000000000000000000e+00,0.000000000000000000e+00,0.000000000000000000e+00,-1.344564670633797254e+00,0.000000000000000000e+00,0.000000000000000000e+00,0.000000000000000000e+00,0.000000000000000000e+00,0.000000000000000000e+00,0.000000000000000000e+00,0.000000000000000000e+00,0.000000000000000000e+00,-3.474941218227975970e+00,0.000000000000000000e+00,0.000000000000000000e+00
0.000000000000000000e+00,0.000000000000000000e+00,0.000000000000000000e+00,0.000000000000000000e+00,0.000000000000000000e+00,0.000000000000000000e+00,0.000000000000000000e+00,0.000000000000000000e+00,0.000000000000000000e+00,0.000000000000000000e+00,0.000000000000000000e+00,0.000000000000000000e+00,-1.344564670633797698e+00,0.000000000000000000e+00,0.000000000000000000e+00,0.000000000000000000e+00,0.000000000000000000e+00,0.000000000000000000e+00,0.000000000000000000e+00,0.000000000000000000e+00,0.000000000000000000e+00,-3.474941218227979078e+00,0.000000000000000000e+00
0.000000000000000000e+00,0.000000000000000000e+00,0.000000000000000000e+00,0.000000000000000000e+00,0.000000000000000000e+00,0.000000000000000000e+00,0.000000000000000000e+00,0.000000000000000000e+00,0.000000000000000000e+00,0.000000000000000000e+00,0.000000000000000000e+00,0.000000000000000000e+00,0.000000000000000000e+00,-1.344564670633797698e+00,0.000000000000000000e+00,0.000000000000000000e+00,0.000000000000000000e+00,0.000000000000000000e+00,0.000000000000000000e+00,0.000000000000000000e+00,0.000000000000000000e+00,0.000000000000000000e+00,-3.474941218227978190e+00
