2080374815
2080374941
2080375063
2080375311
2080375837
2080376859
2080376862
2080391195
2080391198
2080407581
2080440347
2080440350
2080505879
2080636943
2113929245
10536091679
18723373087
35366371359
70665633823
139250892831
139452219423
1101323567135
1101524893727
2200969412639
4399858450463
4400059777055
8797636526111
17593192677407
2251801759842335
3154116655
5838471215
10401873967
10603200559
70531416111
70732742703
139385110575
275884539951
551299317807
1101457784879
2200835194927
2201036521519
4399992668207
35186318245935
281476788650031
281476989976623
562950960054319
1125901450346543
2251801625624623
2251801826951215
3690987575
5301600311
276421410871
550762446903
70370690334775
140739300294711
140739501621303
562951496925239
1125900913475639
3959423035
4160749627
9596567611
36305895483
69726109755
276689846331
276891172923
2200029888571
17594132201531
140739031859259
281475983343675
562951765360699
562951966687291
2251800820318267
4093640765
36171677757
36373004349
138445586493
276824064061
1100518260797
4399053144125
17593997983805
17594199310397
35185378721853
70370287681597
562951899578429
3959423038
4160749630
9596567614
36305895486
69726109758
276689846334
276891172926
2200029888574
17594132201534
140739031859262
281475983343678
562951765360702
562951966687294
2251800820318270
3690987599
5301600335
276421410895
550762446927
70370690334799
140739300294735
140739501621327
562951496925263
1125900913475663
3154116695
5838471255
10401874007
10603200599
70531416151
70732742743
139385110615
275884539991
551299317847
1101457784919
2200835194967
2201036521559
4399992668247
35186318245975
281476788650071
281476989976663
562950960054359
1125901450346583
2251801625624663
2251801826951255
6106906715
6308233307
10133438555
19126026331
70262980699
551567753307
551769079899
2200566759515
8798039179355
140738494988379
281476520214619
1125901718782043
1125901920108635
2251801357189211
6241124445
18991808605
19193135197
138982457437
551701971037
1101055131741
4399590015069
8797904961629
8798106288221
35185915592797
70369750810717
1125901852999773
6106906718
6308233310
10133438558
19126026334
70262980702
551567753310
551769079902
2200566759518
8798039179358
140738494988382
281476520214622
1125901718782046
1125901920108638
2251801357189214
3959423119
4160749711
9596567695
36305895567
69726109839
276689846415
276891173007
2200029888655
17594132201615
140739031859343
281475983343759
562951765360783
562951966687375
2251800820318351
6106906775
6308233367
10133438615
19126026391
70262980759
551567753367
551769079959
2200566759575
8798039179415
140738494988439
281476520214679
1125901718782103
1125901920108695
2251801357189271
3154116763
5838471323
10401874075
10603200667
70531416219
70732742811
139385110683
275884540059
551299317915
1101457784987
2200835195035
2201036521627
4399992668315
562950960054427
1125901450346651
2251801625624731
2251801826951323
10536091805
18723373213
35366371485
70665633949
139250892957
139452219549
1101323567261
1101524893853
2200969412765
4399858450589
4400059777181
8797636526237
17593192677533
2251801759842461
3154116766
5838471326
10401874078
10603200670
70531416222
70732742814
139385110686
275884540062
551299317918
1101457784990
2200835195038
2201036521630
4399992668318
562950960054430
1125901450346654
2251801625624734
2251801826951326
18186502415
35903242511
8797099655439
17593729548559
70370556117263
70370757443855
140739434512655
10536091927
18723373335
35366371607
70665634071
139250893079
139452219671
1101323567383
1101524893975
2200969412887
4399858450711
4400059777303
8797636526359
17593192677655
35186184028439
35186385355031
281476922867991
2251801759842583
6241124635
18991808795
19193135387
138982457627
551701971227
1101055131931
4399590015259
8797904961819
8798106288411
35185915592987
70369750810907
1125901852999963
6106906909
6308233501
10133438749
19126026525
70262980893
551567753501
551769080093
2200566759709
8798039179549
140738494988573
281476520214813
1125901718782237
1125901920108829
2251801357189405
6241124638
18991808798
19193135390
138982457630
551701971230
1101055131934
4399590015262
8797904961822
8798106288414
35185915592990
70369750810910
1125901852999966
10536092175
18723373583
35366371855
70665634319
139250893327
139452219919
1101323567631
1101524894223
2200969413135
4399858450959
4400059777551
8797636526607
17593192677903
35186184028687
35186385355279
281476922868239
2251801759842831
18186502679
35903242775
8797099655703
17593729548823
70370556117527
70370757444119
140739434512919
4093641243
36171678235
36373004827
138445586971
276824064539
1100518261275
4399053144603
17593997984283
17594199310875
35185378722331
70370287682075
562951899578907
3959423517
4160750109
9596568093
36305895965
69726110237
276689846813
276891173405
2200029889053
17594132202013
140739031859741
281475983344157
562951765361181
562951966687773
2251800820318749
4093641246
36171678238
36373004830
138445586974
276824064542
1100518261278
4399053144606
17593997984286
17594199310878
35185378722334
70370287682078
562951899578910
3959424015
4160750607
9596568591
36305896463
69726110735
276689847311
276891173903
2200029889551
17594132202511
140739031860239
281475983344655
562951765361679
562951966688271
2251800820319247
6106907671
6308234263
10133439511
19126027287
70262981655
551567754263
551769080855
2200566760471
8798039180311
140738494989335
281476520215575
1125901718782999
1125901920109591
2251801357190167
3154117659
5838472219
10401874971
10603201563
70531417115
70732743707
139385111579
275884540955
551299318811
1101457785883
2200835195931
2201036522523
4399992669211
562950960055323
1125901450347547
2251801625625627
2251801826952219
10536092701
18723374109
35366372381
70665634845
139250893853
139452220445
1101323568157
1101524894749
2200969413661
4399858451485
4400059778077
8797636527133
17593192678429
2251801759843357
3154117662
5838472222
10401874974
10603201566
70531417118
70732743710
139385111582
275884540958
551299318814
1101457785886
2200835195934
2201036522526
4399992669214
562950960055326
1125901450347550
2251801625625630
2251801826952222
4093642767
36171679759
36373006351
138445588495
276824066063
1100518262799
4399053146127
17593997985807
17594199312399
35185378723855
70370287683599
562951899580431
6241126423
18991810583
19193137175
138982459415
551701973015
1101055133719
4399590017047
8797904963607
8798106290199
35185915594775
70369750812695
1125901853001751
10536093723
18723375131
35366373403
70665635867
139250894875
139452221467
1101323569179
1101524895771
2200969414683
4399858452507
4400059779099
8797636528155
17593192679451
2251801759844379
3154118685
5838473245
10401875997
10603202589
70531418141
70732744733
139385112605
275884541981
551299319837
1101457786909
2200835196957
2201036523549
4399992670237
562950960056349
1125901450348573
2251801625626653
2251801826953245
10536093726
18723375134
35366373406
70665635870
139250894878
139452221470
1101323569182
1101524895774
2200969414686
4399858452510
4400059779102
8797636528158
17593192679454
2251801759844382
3154120719
5838475279
10401878031
10603204623
70531420175
70732746767
139385114639
275884544015
551299321871
1101457788943
2200835198991
2201036525583
4399992672271
35186318249999
281476788654095
281476989980687
562950960058383
1125901450350607
2251801625628687
2251801826955279
3690991639
5301604375
276421414935
550762450967
70370690338839
140739300298775
140739501625367
562951496929303
1125900913479703
3959427099
4160753691
9596571675
36305899547
69726113819
276689850395
276891176987
2200029892635
17594132205595
140739031863323
281475983347739
562951765364763
562951966691355
2251800820322331
4093644829
36171681821
36373008413
138445590557
276824068125
1100518264861
4399053148189
17593997987869
17594199314461
35185378725917
70370287685661
562951899582493
3959427102
4160753694
9596571678
36305899550
69726113822
276689850398
276891176990
2200029892638
17594132205598
140739031863326
281475983347742
562951765364766
562951966691358
2251800820322334
3690995727
5301608463
276421419023
550762455055
70370690342927
140739300302863
140739501629455
562951496933391
1125900913483791
3154124823
5838479383
10401882135
10603208727
70531424279
70732750871
139385118743
275884548119
551299325975
1101457793047
2200835203095
2201036529687
4399992676375
35186318254103
281476788658199
281476989984791
562950960062487
1125901450354711
2251801625632791
2251801826959383
6106914843
6308241435
10133446683
19126034459
70262988827
551567761435
551769088027
2200566767643
8798039187483
140738494996507
281476520222747
1125901718790171
1125901920116763
2251801357197339
6241132573
18991816733
19193143325
138982465565
551701979165
1101055139869
4399590023197
8797904969757
8798106296349
35185915600925
70369750818845
1125901853007901
6106914846
6308241438
10133446686
19126034462
70262988830
551567761438
551769088030
2200566767646
8798039187486
140738494996510
281476520222750
1125901718790174
1125901920116766
2251801357197342
4093657103
36171694095
36373020687
138445602831
276824080399
1100518277135
4399053160463
17593998000143
17594199326735
35185378738191
70370287697935
562951899594767
6241140759
18991824919
19193151511
138982473751
551701987351
1101055148055
4399590031383
8797904977943
8798106304535
35185915609111
70369750827031
1125901853016087
10536108059
18723389467
35366387739
70665650203
139250909211
139452235803
1101323583515
1101524910107
2200969429019
4399858466843
4400059793435
8797636542491
17593192693787
2251801759858715
3154133021
5838487581
10401890333
10603216925
70531432477
70732759069
139385126941
275884556317
551299334173
1101457801245
2200835211293
2201036537885
4399992684573
562950960070685
1125901450362909
2251801625640989
2251801826967581
10536108062
18723389470
35366387742
70665650206
139250909214
139452235806
1101323583518
1101524910110
2200969429022
4399858466846
4400059793438
8797636542494
17593192693790
2251801759858718
3959455759
4160782351
9596600335
36305928207
69726142479
276689879055
276891205647
2200029921295
17594132234255
140739031891983
281475983376399
562951765393423
562951966720015
2251800820350991
6106939415
6308266007
10133471255
19126059031
70263013399
551567786007
551769112599
2200566792215
8798039212055
140738495021079
281476520247319
1125901718814743
1125901920141335
2251801357221911
3154149403
5838503963
10401906715
10603233307
70531448859
70732775451
139385143323
275884572699
551299350555
1101457817627
2200835227675
2201036554267
4399992700955
562950960087067
1125901450379291
2251801625657371
2251801826983963
10536124445
18723405853
35366404125
70665666589
139250925597
139452252189
1101323599901
1101524926493
2200969445405
4399858483229
4400059809821
8797636558877
17593192710173
2251801759875101
3154149406
5838503966
10401906718
10603233310
70531448862
70732775454
139385143326
275884572702
551299350558
1101457817630
2200835227678
2201036554270
4399992700958
562950960087070
1125901450379294
2251801625657374
2251801826983966
4093706255
36171743247
36373069839
138445651983
276824129551
1100518326287
4399053209615
17593998049295
17594199375887
35185378787343
70370287747087
562951899643919
6241189911
18991874071
19193200663
138982522903
551702036503
1101055197207
4399590080535
8797905027095
8798106353687
35185915658263
70369750876183
1125901853065239
10536157211
18723438619
35366436891
70665699355
139250958363
139452284955
1101323632667
1101524959259
2200969478171
4399858515995
4400059842587
8797636591643
17593192742939
2251801759907867
3154182173
5838536733
10401939485
10603266077
70531481629
70732808221
139385176093
275884605469
551299383325
1101457850397
2200835260445
2201036587037
4399992733725
562950960119837
1125901450412061
2251801625690141
2251801827016733
10536157214
18723438622
35366436894
70665699358
139250958366
139452284958
1101323632670
1101524959262
2200969478174
4399858515998
4400059842590
8797636591646
17593192742942
2251801759907870
18186633231
35903373327
8797099786255
17593729679375
70370556248079
70370757574671
140739434643471
10536222743
18723504151
35366502423
70665764887
139251023895
139452350487
1101323698199
1101525024791
2200969543703
4399858581527
4400059908119
8797636657175
17593192808471
35186184159255
35186385485847
281476922998807
2251801759973399
6241255451
18991939611
19193266203
138982588443
551702102043
1101055262747
4399590146075
8797905092635
8798106419227
35185915723803
70369750941723
1125901853130779
6107037725
6308364317
10133569565
19126157341
70263111709
551567884317
551769210909
2200566890525
8798039310365
140738495119389
281476520345629
1125901718913053
1125901920239645
2251801357320221
6241255454
18991939614
19193266206
138982588446
551702102046
1101055262750
4399590146078
8797905092638
8798106419230
35185915723806
70369750941726
1125901853130782
10536353807
18723635215
35366633487
70665895951
139251154959
139452481551
1101323829263
1101525155855
2200969674767
4399858712591
4400060039183
8797636788239
17593192939535
35186184290319
35186385616911
281476923129871
2251801760104463
18186764311
35903504407
8797099917335
17593729810455
70370556379159
70370757705751
140739434774551
4093902875
36171939867
36373266459
138445848603
276824326171
1100518522907
4399053406235
17593998245915
17594199572507
35185378983963
70370287943707
562951899840539
3959685149
4161011741
9596829725
36306157597
69726371869
276690108445
276891435037
2200030150685
17594132463645
140739032121373
281475983605789
562951765622813
562951966949405
2251800820580381
4093902878
36171939870
36373266462
138445848606
276824326174
1100518522910
4399053406238
17593998245918
17594199572510
35185378983966
70370287943710
562951899840542
4094165007
36172201999
36373528591
138446110735
276824588303
1100518785039
4399053668367
17593998508047
17594199834639
35185379246095
70370288205839
562951900102671
6241648663
18992332823
19193659415
138982981655
551702495255
1101055655959
4399590539287
8797905485847
8798106812439
35185916117015
70369751334935
1125901853523991
18723897371
35366895643
8797637050395
17593193201691
35186184552475
35186385879067
281476923392027
3154640925
5838995485
275885064221
551299842077
35186318770205
281476789174301
281476990500893
562950960578589
1125901450870813
18723897374
35366895646
8797637050398
17593193201694
35186184552478
35186385879070
281476923392030
6242172943
18992857103
19194183695
138983505935
551703019535
1101056180239
4399591063567
8797906010127
8798107336719
35185916641295
70369751859215
1125901854048271
4094689303
36172726295
36374052887
138446635031
276825112599
1100519309335
4399054192663
17593999032343
17594200358935
35185379770391
70370288730135
562951900626967
18187550747
35904290843
8797100703771
17593730596891
70370557165595
70370758492187
140739435560987
3692036125
5302648861
276422459421
550763495453
70370691383325
140739301343261
140739502669853
562951497973789
1125900914524189
18187550750
35904290846
8797100703774
17593730596894
70370557165598
70370758492190
140739435560990
6109003791
6310330383
10135535631
19128123407
70265077775
551569850383
551771176975
2200568856591
8798041276431
140738497085455
281476522311695
1125901720879119
1125901922205711
2251801359286287
3961520151
4162846743
9598664727
36307992599
69728206871
276691943447
276893270039
2200031985687
17594134298647
140739033956375
281475985440791
562951767457815
562951968784407
2251800822415383
3693084699
5303697435
276423507995
550764544027
70370692431899
140739302391835
140739503718427
562951499022363
1125900915572763
18188599325
35905339421
8797101752349
17593731645469
70370558214173
70370759540765
140739436609565
3693084702
5303697438
276423507998
550764544030
70370692431902
140739302391838
140739503718430
562951499022366
1125900915572766
3963617295
4164943887
9600761871
36310089743
69730304015
276694040591
276895367183
2200034082831
17594136395791
140739036053519
281475987537935
562951769554959
562951970881551
2251800824512527
6111100951
6312427543
10137632791
19130220567
70267174935
551571947543
551773274135
2200570953751
8798043373591
140738499182615
281476524408855
1125901722976279
1125901924302871
2251801361383447
3158310939
5842665499
275888734235
551303512091
35186322440219
281476792844315
281476994170907
562950964248603
1125901454540827
18727567389
35370565661
8797640720413
17593196871709
35186188222493
35186389549085
281476927062045
3158310942
5842665502
275888734238
551303512094
35186322440222
281476792844318
281476994170910
562950964248606
1125901454540830
3162505231
5846859791
10410262543
10611589135
70539804687
70741131279
139393499151
275892928527
551307706383
1101466173455
2200843583503
2201044910095
4400001056783
35186326634511
281476797038607
281476998365199
562950968442895
1125901458735119
2251801634013199
2251801835339791
3699376151
5309988887
276429799447
550770835479
70370698723351
140739308683287
140739510009879
562951505313815
1125900921864215
3967811611
4169138203
9604956187
36314284059
69734498331
276698234907
276899561499
2200038277147
17594140590107
140739040247835
281475991732251
562951773749275
562951975075867
2251800828706843
4102029341
36180066333
36381392925
138453975069
276832452637
1100526649373
4399061532701
17594006372381
17594207698973
35185387110429
70370296070173
562951907967005
3967811614
4169138206
9604956190
36314284062
69734498334
276698234910
276899561502
2200038277150
17594140590110
140739040247838
281475991732254
562951773749278
562951975075870
2251800828706846
3707764751
5318377487
276438188047
550779224079
70370707111951
140739317071887
140739518398479
562951513702415
1125900930252815
3170893847
5855248407
10418651159
10619977751
70548193303
70749519895
139401887767
275901317143
551316094999
1101474562071
2200851972119
2201053298711
4400009445399
35186335023127
281476805427223
281477006753815
562950976831511
1125901467123735
2251801642401815
2251801843728407
6123683867
6325010459
10150215707
19142803483
70279757851
551584530459
551785857051
2200583536667
8798055956507
140738511765531
281476536991771
1125901735559195
1125901936885787
2251801373966363
6257901597
19008585757
19209912349
138999234589
551718748189
1101071908893
4399606792221
8797921738781
8798123065373
35185932369949
70369767587869
1125901869776925
6123683870
6325010462
10150215710
19142803486
70279757854
551584530462
551785857054
8798055956510
140738511765534
281476536991774
1125901735559198
1125901936885790
2251801373966366
3992977423
4194304015
9630121999
36339449871
69759664143
276723400719
276924727311
2200063442959
17594165755919
140739065413647
281476016898063
562951798915087
562952000241679
2251800853872655
6140461079
6341787671
10166992919
19159580695
70296535063
551601307671
551802634263
2200600313879
8798072733719
140738528542743
281476553768983
1125901752336407
1125901953662999
2251801390743575
3187671067
5872025627
10435428379
10636754971
70564970523
70766297115
139418664987
275918094363
551332872219
1101491339291
2200868749339
2201070075931
4400026222619
562950993608731
1125901483900955
2251801659179035
2251801860505627
10569646109
18756927517
35399925789
70699188253
139284447261
139485773853
1101357121565
1101558448157
2201002967069
4399892004893
4400093331485
8797670080541
17593226231837
2251801793396765
3187671070
5872025630
10435428382
10636754974
70564970526
70766297118
139418664990
275918094366
551332872222
1101491339294
2200868749342
2201070075934
4400026222622
562950993608734
1125901483900958
2251801659179038
2251801860505630
6912213023
2080374887
11475615775
2080374955
11676942367
2080374958
14159970335
2080374995
14361296927
2080374998
23152558111
2080375129
23353884703
2080375132
27179089951
2080375189
38184943647
2080375353
38386270239
2080375356
43822088223
2080375437
52009369631
2080375559
71605157919
2080375851
71806484511
2080375854
74289512479
2080375891
74490839071
2080375894
79054241823
2080375962
87308632095
2080376085
103951630367
2080376333
140458852383
2080376877
143143206943
2080376917
147706609695
2080376985
147907936287
2080376988
155893891103
2080377107
156095217695
2080377110
172536889375
2080377355
172738215967
2080377358
207836151839
2080377881
208037478431
2080377884
278770221087
2080378938
279642636319
2080378951
284206039071
2080379019
284407365663
2080379022
310915366943
2080379417
311116693535
2080379420
344335581215
2080379915
344536907807
2080379918
413189275679
2080380941
552373059615
2080383015
555795611679
2080383066
559620816927
2080383123
559822143519
2080383126
568613404703
2080383257
568814731295
2080383260
619750359071
2080384019
619951685663
2080384022
688604053535
2080385045
825103482911
2080387079
1102531526687
2080391213
1105215881247
2080391253
1109779283999
2080391321
1109980610591
2080391324
1117966565407
2080391443
1118167891999
2080391446
1134609563679
2080391691
1134810890271
2080391694
1169908826143
2080392217
1170110152735
2080392220
1238695411743
2080393242
1375261949983
2080395277
1650676727839
2080399381
2201908936735
2080407595
2202110263327
2080407598
2204593291295
2080407635
2204794617887
2080407638
2209358020639
2080407706
2217612410911
2080407829
2234255409183
2080408077
2269487562783
2080408602
2338139930655
2080409625
2338341257247
2080409628
2474639360031
2080411659
2474840686623
2080411662
2750054137887
2080415763
2750255464479
2080415766
3300212604959
2080423961
3300413931551
2080423964
4401066410015
2080440365
4403750764575
2080440405
4408314167327
2080440473
4408515493919
2080440476
4416501448735
2080440595
4416702775327
2080440598
4433144447007
2080440843
4433345773599
2080440846
4468443709471
2080441369
4468645036063
2080441372
4537230295071
2080442394
4673796833311
2080444429
4949211611167
2080448533
5499302969375
2080456730
6598747488287
2080473113
6598948814879
2080473116
8802065711135
2080505945
8802267037727
2080505948
8806092242975
2080506005
8815017721887
2080506138
8830922522655
2080506375
8866221785119
2080506901
8934807044127
2080507923
8935008370719
2080507926
9347526557727
2080514073
9347727884319
2080514076
9896879718431
2080522259
9897081045023
2080522262
10996525563935
2080538645
13195414601759
2080571411
13195615928351
2080571414
17596011249695
2080636985
17596212576287
2080636988
17601648394271
2080637069
17609835675679
2080637191
17628290613279
2080637466
17661777936415
2080637965
17730363195423
2080638987
17730564522015
2080638990
17868741672991
2080641049
17868942999583
2080641052
18692435869727
2080653323
18692637196319
2080653326
19792081715231
2080669709
21990970753055
2080702475
21991172079647
2080702478
26388748828703
2080768007
35187391987743
2080899117
35190076342303
2080899157
35202827026463
2080899347
35203028353055
2080899350
35219470024735
2080899595
35219671351327
2080899598
35460122411039
2080903181
35735537188895
2080907285
43981740179487
2081030163
43981941506079
2081030166
52777296330783
2081161227
52777497657375
2081161230
70372300947487
2081423413
70373911560223
2081423437
70386662244383
2081423627
70386863570975
2081423630
70404378984479
2081423891
70404580311071
2081423894
70645031370783
2081427477
70919372406815
2081431565
79165575397407
2081554443
79165776723999
2081554446
87962205290527
2081685523
87962406617119
2081685526
105553586028575
2081947655
140740910907423
2082471987
140741112234015
2082471990
140742521520159
2082472011
140742722846751
2082472014
140755540639775
2082472205
140773257379871
2082472469
141013641330719
2082476051
141013842657311
2082476054
141287982366751
2082480139
141288183693343
2082480142
149534453792799
2082603021
158331083685919
2082734101
211107910254623
211108111581215
2083520540
281477862391839
2084569131
281478063718431
2084569134
281480546746399
2084569171
281480748072991
2084569174
281493565866015
2084569365
281510208864287
2084569613
281750592815135
2084573195
281750794141727
2084573198
282026007592991
2084577299
282026208919583
2084577302
290272479019039
2084700181
299068035170335
2084831245
316661227847711
2085093404
422212934828063
2086666247
562953845735455
2088763450
562954718150687
2088763463
562959281553439
2088763531
562959482880031
2088763534
562985990881311
2088763929
562986192207903
2088763932
563019411095583
2088764427
563019612422175
2088764430
563088264790047
2088765453
563226576158751
2088767514
563500178997279
2088771591
564050337464351
2088779789
565149714874399
2088796171
565149916200991
2088796174
567348872347679
2088828941
580543817187359
2089025561
580544018513951
2089025564
598135197925407
2089287693
633320106885151
2089811989
703688716845087
2090860563
703688918171679
2090860566
844425668329503
2092957707
844425869656095
2092957710
1125902524088351
2097152039
1125905946640415
2097152090
1125909771845663
2097152147
1125909973172255
2097152150
1125918764433439
2097152281
1125918965760031
2097152284
1125969901387807
2097153043
1125970102714399
2097153046
1126038755082271
2097154069
1126175254511647
2097156103
1126451407487007
2097160218
1127000827756575
2097168405
1128100205166623
2097184787
1128100406493215
2097184790
1130299362639903
2097217557
1134697677586463
2097283097
1134697878913055
2097283100
1161085688217631
2097676309
1196269523435551
2098200589
1266638133395487
2099249163
1266638334722079
2099249166
1407376158621727
2101346323
1407376359948319
2101346326
1688850330026015
2105540615
2251802699366431
2113929259
2251802900693023
2113929262
2251805383720991
2113929299
2251805585047583
2113929302
2251810148450335
2113929370
2251818402840607
2113929493
2251835045838879
2113929741
2251870277992479
2113930266
2251938930360351
2113931289
2251939131686943
2113931292
2252075429789727
2113933323
2252075631116319
2113933326
2252350844567583
2113937427
2252351045894175
2113937430
2252901003034655
2113945625
2252901204361247
2113945628
2254000581771295
2113962010
2256199537917983
2113994777
2256199739244575
2113994780
2260597315993631
2114060309
2269392872144927
2114191373
2814750505304095
2122317835
2814750706630687
2122317838
3377700995596319
2130706451
3377701196922911
2130706454
