-46996
982
2145
-2144
-232
-412
174
-1672
-145
-24
212
12
-123
123
-29
982
2145
-2145
-231
-412
174
-1672
-145
-24
212
12
-123
123
-30
13793
-5155
4413
569
-821
361
-794
-1752
925
-180
-206
-220
331
-467
-82
447
47
43
19
-285
1378
-7259
-144
683
468
82
-446
13
-78
1270
-251
3904
143
-528
-149
9
-157
-451
164
-164
-211
404
152
1438
246
-450
-565
-425
-113
620
-898
-19
-914
913
-106
-251
916
914
-534
298
-41
-354
25
66
-821
820
770
38
-440
-7260
1378
684
-143
-467
-82
447
-78
13
-5155
13793
-4413
-569
821
-361
794
925
-1752
180
206
220
-330
-468
-82
446
44
47
-19
285
1269
-252
-3904
143
527
-150
8
158
-450
-165
-164
-211
404
-152
1438
246
-450
564
-426
113
-620
-897
-20
-914
-913
-106
-251
916
-913
-535
-298
-40
-355
-25
66
820
821
770
37
441
3904
914
1304
-53
-91
-431
-221
-23
-432
-90
90
64
431
-19
-3904
-913
1304
53
-91
431
221
-23
433
-89
-90
-64
-432
-18
4412
-4412
7671
732
-1296
229
-759
-927
928
-90
-308
-648
-462
-137
137
-140
310
1493
36
-36
-285
-294
-149
32
-450
-129
-1004
14
900
-899
-136
569
-569
732
1208
-53
-213
-213
-358
358
-555
-699
-250
127
754
-755
657
-15
22
76
-3
-6
-30
71
-75
36
623
-677
508
177
-728
-636
-146
-431
-27
8
17
-15
-30
71
-75
-141
245
82
-31
48
-56
-33
-57
-124
47
-89
-88
-71
143
-535
53
277
198
-43
279
-145
-42
-173
-173
-175
31
-127
-450
-32
282
-329
277
-66
68
121
-20
133
132
61
-36
-677
623
-508
-177
728
636
146
431
27
-8
-15
17
-30
71
-75
141
76
22
-6
-3
30
-71
75
245
83
-31
-48
-55
33
57
-124
47
-89
88
-71
144
-534
-53
278
-197
-43
279
145
-42
173
-174
-175
30
127
-451
-31
283
328
277
67
-67
121
-21
132
-132
61
-528
297
-91
-198
100
124
-180
-62
73
-56
55
66
-75
-46
527
-298
-91
197
101
-123
180
-63
-73
-55
-55
-66
76
-45
-821
821
-1296
-53
758
-425
593
531
-532
-173
88
286
98
60
-61
78
-31
-285
508
-507
447
367
-372
-472
161
-154
168
14
-131
131
-27
362
-362
229
-213
-425
275
-288
-313
312
206
99
-69
7
-162
161
-157
-55
-565
-47
329
280
347
71
-19
40
-1
49
-50
31
564
48
-328
281
-346
72
-19
-39
2
-49
-49
-32
-294
177
-177
367
343
-121
-160
289
21
-5
-19
8
-7
33
-794
793
-759
-212
593
-288
513
642
-641
-19
173
304
-12
24
-25
49
81
-149
-729
728
-373
-121
515
671
125
330
14
6
-26
25
100
-1752
925
-928
-358
531
-313
642
633
-547
57
157
370
-40
87
13
-81
-16
12
-4
119
-143
684
37
-50
-87
-12
82
2
6
-149
-41
-431
-44
123
49
-14
-15
87
2
-2
6
-88
-17
-426
-55
278
347
257
53
-93
170
43
173
-172
10
8
-354
-221
279
-180
-13
232
146
29
172
-172
-170
-36
124
684
-143
-50
37
87
13
-82
5
2
925
-1752
928
358
-531
313
-641
-547
633
-58
-157
-370
40
87
12
-82
13
-15
4
-118
-150
-41
431
-43
-124
49
-14
15
87
-2
-1
7
-88
17
-426
-55
278
-347
257
-53
93
170
43
172
173
9
9
-354
221
279
179
-14
231
-147
29
-172
-172
-170
-36
-124
-112
33
66
72
53
58
-2
-22
54
4
-3
-56
112
-33
-66
71
-54
58
-2
22
-53
-4
-4
55
32
-636
636
-472
-159
671
668
148
426
-75
94
40
-40
14
-180
180
-90
-556
-172
206
-18
57
-58
253
231
113
-55
-163
164
-144
44
-450
-146
145
162
289
125
149
307
138
143
-19
-120
119
84
-157
25
-23
145
-62
-15
147
123
27
-41
41
16
-1
16
157
-24
-24
-145
-62
15
-147
123
-27
-41
-41
-16
1
15
-207
206
-308
-699
88
99
173
158
-157
231
207
216
-6
-144
145
-168
14
-129
-431
432
-153
22
329
426
138
276
46
164
-49
48
-29
-220
221
-648
-250
286
-70
304
369
-370
113
216
311
131
-22
22
5
-50
620
57
-68
-19
-92
-3
114
-120
-18
-177
177
2
-621
-57
67
-19
93
-2
115
119
18
177
177
-3
-1005
-27
27
168
-4
14
-75
143
46
566
29
-352
352
60
330
-330
-462
127
97
7
-13
-40
40
-55
-6
132
301
56
-55
106
-224
13
8
-8
14
-19
7
94
-19
164
29
275
-33
33
-257
-3
-6
8
-22
45
-1
6
900
17
-15
-131
7
-26
39
-120
-49
-352
-33
341
-311
45
-2
6
-8
-897
-124
121
-40
171
21
120
390
10
297
297
56
-451
67
432
-42
-73
87
28
-27
293
40
41
83
-266
19
-20
47
-21
1
43
-53
18
10
258
24
24
-298
-900
-15
17
131
-7
26
-40
119
49
352
34
-311
341
45
-1
6
8
-6
-3
-21
8
-45
2
-6
-897
-124
121
40
170
-22
-120
390
10
297
-297
56
-451
67
-432
-42
73
87
28
27
293
-40
41
83
-266
-19
-20
47
-21
-1
43
53
-18
10
258
24
-24
-298
-914
-88
133
49
172
4
-177
297
24
303
-263
18
-913
-89
132
-49
173
-3
178
296
24
303
263
18
-30
-30
45
45
18
-26
41
-467
-467
87
87
300
40
-278
5
5
72
71
-2
-1
-26
238
-299
-913
-89
132
-49
173
-3
177
297
24
263
303
18
913
89
-132
-50
-172
-4
177
-297
-24
-262
303
-18
-30
30
45
-45
18
-27
40
467
-468
-86
87
300
41
-277
-5
6
71
-71
-2
1
-27
238
-298
-164
821
-89
-174
-55
-2
-172
-41
40
257
232
245
9
119
165
-820
-90
173
-55
2
172
-41
-40
257
-233
-244
-9
120
82
-82
-13
13
40
14
-35
-38
38
-75
75
6
-6
40
-298
253
-447
446
82
-82
-277
-36
279
-3
2
-165
820
90
-173
55
-2
-172
41
40
-233
257
244
9
-120
-164
820
-90
-173
-56
-2
-171
-41
41
232
257
245
9
119
-82
-82
13
13
40
14
-36
38
38
-74
-75
6
6
40
-298
254
446
447
-81
-82
-278
-35
280
2
3
47
43
-137
755
60
-161
25
-15
13
-163
-145
-22
55
5
38
3
240
-223
205
17
12
-78
3
5
-5
-38
-3
3
-13
-210
770
64
-175
66
6
-171
16
83
-245
245
300
-22
-77
-106
-70
61
32
9
-56
2
57
-298
18
-18
246
404
38
432
30
-76
-88
-35
-1
-266
-9
9
-22
272
11
-78
13
5
2
5
38
3
-13
3
43
48
137
-754
-60
162
-24
13
-15
163
145
22
-56
5
38
2
-224
240
-204
-17
-211
770
-63
-176
-65
7
-170
-16
84
244
245
301
-21
77
-106
-71
60
-32
10
55
-3
56
-299
18
18
245
405
37
-432
30
76
-88
-36
-267
9
8
-22
273
-10
153
-440
-18
128
-45
-17
124
16
-19
120
-119
-77
11
73
-152
441
-18
-127
-46
16
-125
15
19
120
120
76
-11
73
19
-19
-139
658
79
-157
48
-4
5
-145
-167
5
105
205
-204
278
-8
-136
-141
141
-27
33
100
15
83
-29
59
-257
-8
8
204
-285
285
310
-15
-31
-55
81
119
-118
43
15
-49
-224
17
-18
-8
221
2104
2105
508
508
-344
-345
-508
-508
345
344
-103
-102
83
84
17
18
-102
-102
84
84
-17
-17
754
754
-294
-293
65
64
293
294
-64
-64
282
281
310
311
-310
-310
-229
-230
229
229
-465
-464
63
64
129
129
-400
-401
-129
-129
400
401
226
226
-84
-84
49
49
-242
-241
497
496
138
137
-13
-12
1
1
-408
-408
133
133
-295
-295
241
241
50
49
-496
-497
-137
-137
-13
-12
1
1
408
408
-133
-133
295
295
-496
-496
-68
-67
67
68
-122
-122
105
105
-603
-603
-80
-79
604
603
79
80
299
299
-44
-44
-382
-381
4
4
-4
-4
-49
-50
-245
-245
49
50
245
245
51
51
-286
-287
286
286
188
188
-152
-151
-26
-26
173
172
223
222
-172
-173
-222
-223
194
195
-25
-26
-290
-290
290
290
542
543
-112
-112
31
30
-60
-59
-31
-30
59
60
-71
-70
7
7
-34
-33
52
53
-52
-53
-48
-49
-52
-52
33
32
447
447
-86
-86
-468
-467
-74
-74
-9
-9
57
58
-47
-48
27
26
-84
-83
14
15
-18
-18
66
66
22
21
472
472
51
51
446
447
-86
-87
467
467
9
9
-74
-74
-58
-57
48
47
-27
-27
-83
-83
15
14
18
18
-66
-67
-21
-22
-471
-472
-51
-51
290
290
446
446
446
446
59
58
-61
-62
58
59
-61
-61
-86
-85
-86
-86
-252
-251
-26
-25
-252
-252
-25
-26
-446
-445
446
446
59
59
-61
-61
-59
-58
62
61
85
86
-86
-85
-252
-252
-25
-26
251
252
26
25
-525
-526
-82
-82
374
374
82
83
-373
-374
99
99
-98
-99
-14
-15
-90
-90
15
15
90
90
-34
-35
34
34
-1
21
20
83
82
-374
-374
82
82
-374
-374
98
99
99
98
15
15
90
90
15
14
90
91
-34
-34
-35
-34
21
21
465
465
-365
-365
-122
-121
201
200
-323
-323
104
105
-30
-31
5
6
85
86
7
7
82
83
-7
-7
108
108
161
161
21
21
-52
-53
-27
-27
32
32
13
13
-13
-12
-207
-207
-6
-7
206
207
7
6
121
122
-365
-365
-201
-201
322
323
105
104
-31
-30
-6
-5
-86
-85
-7
-7
7
8
82
82
-108
-108
-161
-161
-21
-21
52
53
-27
-27
32
32
13
13
13
13
206
207
6
7
207
206
7
6
-211
-211
-133
-134
155
156
133
134
-155
-156
-348
-348
-13
-14
13
14
126
125
-16
-15
-19
-19
12
13
-6
-6
-13
-12
6
6
160
159
-41
-40
9
10
-45
-46
33
33
-27
-27
28
27
281
281
6
7
-281
-281
-6
-6
